-10.000000 0.999996
-9.959920 0.999996
-9.919840 0.999996
-9.879760 1.000021
-9.839679 0.999996
-9.799599 0.999996
-9.759519 0.999996
-9.719439 0.999996
-9.679359 0.999996
-9.639279 1.000021
-9.599198 0.999996
-9.559118 0.999996
-9.519038 0.999996
-9.478958 0.999996
-9.438878 0.999996
-9.398798 1.000021
-9.358717 0.999996
-9.318637 0.999996
-9.278557 0.999996
-9.238477 0.999996
-9.198397 0.999996
-9.158317 1.000021
-9.118236 0.999996
-9.078156 0.999996
-9.038076 0.999996
-8.997996 0.999996
-8.957916 0.999996
-8.917836 0.999996
-8.877756 1.000021
-8.837675 0.999996
-8.797595 0.999996
-8.757515 0.999996
-8.717435 0.999996
-8.677355 0.999996
-8.637275 1.000021
-8.597194 0.999996
-8.557114 0.999996
-8.517034 0.999996
-8.476954 0.999996
-8.436874 0.999996
-8.396794 1.000021
-8.356713 0.999996
-8.316633 0.999996
-8.276553 0.999996
-8.236473 0.999996
-8.196393 0.999996
-8.156313 1.000021
-8.116232 0.999996
-8.076152 0.999996
-8.036072 0.999996
-7.995992 0.999996
-7.955912 0.999996
-7.915832 0.999996
-7.875752 1.000021
-7.835671 0.999996
-7.795591 0.999996
-7.755511 0.999996
-7.715431 0.999996
-7.675351 0.999996
-7.635271 1.000021
-7.595190 0.999996
-7.555110 0.999996
-7.515030 0.999996
-7.474950 0.999996
-7.434870 0.999996
-7.394790 1.000021
-7.354709 0.999996
-7.314629 0.999996
-7.274549 0.999996
-7.234469 0.999996
-7.194389 0.999996
-7.154309 1.000021
-7.114228 0.999996
-7.074148 0.999996
-7.034068 0.999996
-6.993988 0.999996
-6.953908 0.999996
-6.913828 1.000021
-6.873747 0.999996
-6.833667 0.999996
-6.793587 0.999996
-6.753507 0.999996
-6.713427 0.999996
-6.673347 0.999996
-6.633267 1.000021
-6.593186 0.999996
-6.553106 0.999996
-6.513026 0.999996
-6.472946 0.999996
-6.432866 0.999996
-6.392786 1.000021
-6.352705 0.999996
-6.312625 0.999996
-6.272545 0.999996
-6.232465 0.999996
-6.192385 0.999996
-6.152305 1.000021
-6.112224 0.999996
-6.072144 0.999996
-6.032064 0.999996
-5.991984 0.999996
-5.951904 0.999996
-5.911824 1.000021
-5.871743 0.999996
-5.831663 0.999996
-5.791583 0.999996
-5.751503 0.999996
-5.711423 0.999996
-5.671343 0.999996
-5.631263 1.000021
-5.591182 0.999996
-5.551102 0.999996
-5.511022 0.999996
-5.470942 0.999996
-5.430862 0.999996
-5.390782 1.000021
-5.350701 0.999996
-5.310621 0.999996
-5.270541 0.999996
-5.230461 0.999996
-5.190381 0.999996
-5.150301 1.000021
-5.110220 0.999996
-5.070140 0.999996
-5.030060 0.999996
-4.989980 0.999996
-4.949900 0.999996
-4.909820 1.000021
-4.869739 0.999996
-4.829659 0.999996
-4.789579 0.999996
-4.749499 0.999996
-4.709419 0.999996
-4.669339 0.999996
-4.629259 1.000021
-4.589178 0.999996
-4.549098 0.999996
-4.509018 0.999996
-4.468938 0.999996
-4.428858 0.999996
-4.388778 1.000021
-4.348697 0.999996
-4.308617 0.999996
-4.268537 0.999996
-4.228457 0.999996
-4.188377 0.999996
-4.148297 1.000021
-4.108216 0.999996
-4.068136 0.999996
-4.028056 0.999996
-3.987976 0.999996
-3.947896 0.999996
-3.907816 1.000021
-3.867735 0.999996
-3.827655 0.999996
-3.787575 0.999996
-3.747495 0.999996
-3.707415 0.999996
-3.667335 0.999996
-3.627255 1.000021
-3.587174 0.999996
-3.547094 0.999996
-3.507014 0.999996
-3.466934 0.999996
-3.426854 0.999996
-3.386774 1.000021
-3.346693 0.999996
-3.306613 0.999996
-3.266533 0.999996
-3.226453 0.999996
-3.186373 0.999996
-3.146293 1.000021
-3.106212 0.999996
-3.066132 0.999996
-3.026052 0.999996
-2.985972 0.999996
-2.945892 0.999996
-2.905812 1.000021
-2.865731 0.999996
-2.825651 0.999996
-2.785571 0.999996
-2.745491 0.999996
-2.705411 0.999996
-2.665331 0.999996
-2.625251 1.000021
-2.585170 0.999996
-2.545090 0.999996
-2.505010 0.999996
-2.464930 0.999996
-2.424850 0.999996
-2.384770 1.000021
-2.344689 0.999996
-2.304609 0.999996
-2.264529 0.999996
-2.224449 0.999996
-2.184369 0.999996
-2.144289 1.000021
-2.104208 0.999996
-2.064128 0.999996
-2.024048 0.999996
-1.983968 0.999996
-1.943888 0.999996
-1.903808 1.000021
-1.863727 0.999996
-1.823647 0.999996
-1.783567 0.999996
-1.743487 0.999996
-1.703407 0.999996
-1.663327 1.000021
-1.623246 0.999996
-1.583166 0.999996
-1.543086 0.999996
-1.503006 0.999996
-1.462926 0.999996
-1.422846 0.999996
-1.382766 1.000021
-1.342685 0.999996
-1.302605 0.999996
-1.262525 0.999996
-1.222445 0.999996
-1.182365 0.999996
-1.142285 1.000021
-1.102204 0.999996
-1.062124 0.999996
-1.022044 0.999996
-0.981964 0.999996
-0.941884 0.999996
-0.901804 1.000021
-0.861723 0.999996
-0.821643 0.999996
-0.781563 0.999996
-0.741483 0.999996
-0.701403 0.999996
-0.661323 1.000021
-0.621242 0.999996
-0.581162 0.999996
-0.541082 0.999996
-0.501002 0.999996
-0.460922 0.999996
-0.420842 0.999996
-0.380762 1.000021
-0.340681 0.999996
-0.300601 0.999996
-0.260521 0.999996
-0.220441 0.999996
-0.180361 0.999996
-0.140281 1.000021
-0.100200 0.999996
-0.060120 0.999996
-0.020040 0.999996
0.020040 0.999996
0.060120 0.999996
0.100200 1.000021
0.140281 0.999996
0.180361 0.999996
0.220441 0.999996
0.260521 0.999996
0.300601 0.999996
0.340681 1.000021
0.380762 0.999996
0.420842 0.999996
0.460922 0.999996
0.501002 0.999996
0.541082 0.999996
0.581162 0.999996
0.621242 1.000021
0.661323 0.999996
0.701403 0.999996
0.741483 0.999996
0.781563 0.999996
0.821643 0.999996
0.861723 1.000021
0.901804 0.999996
0.941884 0.999996
0.981964 0.999996
1.022044 0.999996
1.062124 0.999996
1.102204 1.000021
1.142285 0.999996
1.182365 0.999996
1.222445 0.999996
1.262525 0.999996
1.302605 0.999996
1.342685 1.000021
1.382766 0.999996
1.422846 0.999996
1.462926 0.999996
1.503006 0.999996
1.543086 0.999996
1.583166 0.999996
1.623246 1.000021
1.663327 0.999996
1.703407 0.999996
1.743487 0.999996
1.783567 0.999996
1.823647 0.999996
1.863727 1.000021
1.903808 0.999996
1.943888 0.999996
1.983968 0.999996
2.024048 0.999996
2.064128 0.999996
2.104208 1.000021
2.144289 0.999996
2.184369 0.999996
2.224449 0.999996
2.264529 0.999996
2.304609 0.999996
2.344689 1.000021
2.384770 0.999996
2.424850 0.999996
2.464930 0.999996
2.505010 0.999996
2.545090 0.999996
2.585170 1.000021
2.625251 0.999996
2.665331 0.999996
2.705411 0.999996
2.745491 0.999996
2.785571 0.999996
2.825651 0.999996
2.865731 1.000021
2.905812 0.999996
2.945892 0.999996
2.985972 0.999996
3.026052 0.999996
3.066132 0.999996
3.106212 1.000021
3.146293 0.999996
3.186373 0.999996
3.226453 0.999996
3.266533 0.999996
3.306613 0.999996
3.346693 1.000021
3.386774 0.999996
3.426854 0.999996
3.466934 0.999996
3.507014 0.999996
3.547094 0.999996
3.587174 1.000021
3.627255 0.999996
3.667335 0.999996
3.707415 0.999996
3.747495 0.999996
3.787575 0.999996
3.827655 0.999996
3.867735 1.000021
3.907816 0.999996
3.947896 0.999996
3.987976 0.999996
4.028056 0.999996
4.068136 0.999996
4.108216 1.000021
4.148297 0.999996
4.188377 0.999996
4.228457 0.999996
4.268537 0.999996
4.308617 0.999996
4.348697 1.000021
4.388778 0.999996
4.428858 0.999996
4.468938 0.999996
4.509018 0.999996
4.549098 0.999996
4.589178 1.000021
4.629259 0.999996
4.669339 0.999996
4.709419 0.999996
4.749499 0.999996
4.789579 0.999996
4.829659 0.999996
4.869739 1.000021
4.909820 0.999996
4.949900 0.999996
4.989980 0.999996
5.030060 0.999996
5.070140 0.999996
5.110220 1.000021
5.150301 0.999996
5.190381 0.999996
5.230461 0.999996
5.270541 0.999996
5.310621 0.999996
5.350701 1.000021
5.390782 0.999996
5.430862 0.999996
5.470942 0.999996
5.511022 0.999996
5.551102 0.999996
5.591182 1.000021
5.631263 0.999996
5.671343 0.999996
5.711423 0.999996
5.751503 0.999996
5.791583 0.999996
5.831663 0.999996
5.871743 1.000021
5.911824 0.999996
5.951904 0.999996
5.991984 0.999996
6.032064 0.999996
6.072144 0.999996
6.112224 1.000021
6.152305 0.999996
6.192385 0.999996
6.232465 0.999996
6.272545 0.999996
6.312625 0.999996
6.352705 1.000021
6.392786 0.999996
6.432866 0.999996
6.472946 0.999996
6.513026 0.999996
6.553106 0.999996
6.593186 1.000021
6.633267 0.999996
6.673347 0.999996
6.713427 0.999996
6.753507 0.999996
6.793587 0.999996
6.833667 0.999996
6.873747 1.000021
6.913828 0.999996
6.953908 0.999996
6.993988 0.999996
7.034068 0.999996
7.074148 0.999996
7.114228 1.000021
7.154309 0.999996
7.194389 0.999996
7.234469 0.999996
7.274549 0.999996
7.314629 0.999996
7.354709 1.000021
7.394790 0.999996
7.434870 0.999996
7.474950 0.999996
7.515030 0.999996
7.555110 0.999996
7.595190 1.000021
7.635271 0.999996
7.675351 0.999996
7.715431 0.999996
7.755511 0.999996
7.795591 0.999996
7.835671 1.000021
7.875752 0.999996
7.915832 0.999996
7.955912 0.999996
7.995992 0.999996
8.036072 0.999996
8.076152 0.999996
8.116232 1.000021
8.156313 0.999996
8.196393 0.999996
8.236473 0.999996
8.276553 0.999996
8.316633 0.999996
8.356713 1.000021
8.396794 0.999996
8.436874 0.999996
8.476954 0.999996
8.517034 0.999996
8.557114 0.999996
8.597194 1.000021
8.637275 0.999996
8.677355 0.999996
8.717435 0.999996
8.757515 0.999996
8.797595 0.999996
8.837675 1.000021
8.877756 0.999996
8.917836 0.999996
8.957916 0.999996
8.997996 0.999996
9.038076 0.999996
9.078156 0.999996
9.118236 1.000021
9.158317 0.999996
9.198397 0.999996
9.238477 0.999996
9.278557 0.999996
9.318637 0.999996
9.358717 1.000021
9.398798 0.999996
9.438878 0.999996
9.478958 0.999996
9.519038 0.999996
9.559118 0.999996
9.599198 1.000021
9.639279 0.999996
9.679359 0.999996
9.719439 0.999996
9.759519 0.999996
9.799599 0.999996
9.839679 1.000021
9.879760 0.999996
9.919840 0.999996
9.959920 0.999996
10.000000 0.999996
