-10.000000 0.000000
-9.959920 -0.399998
-9.919840 -0.798390
-9.879760 -1.195176
-9.839679 -1.590355
-9.799599 -1.983928
-9.759519 -2.375894
-9.719439 -2.766254
-9.679359 -3.155007
-9.639279 -3.542154
-9.599198 -3.927695
-9.559118 -4.311629
-9.519038 -4.693957
-9.478958 -5.074678
-9.438878 -5.453793
-9.398798 -5.831302
-9.358717 -6.207204
-9.318637 -6.581500
-9.278557 -6.954189
-9.238477 -7.325272
-9.198397 -7.694748
-9.158317 -8.062618
-9.118236 -8.428882
-9.078156 -8.793539
-9.038076 -9.156590
-8.997996 -9.518034
-8.957916 -9.877872
-8.917836 -10.236103
-8.877756 -10.592729
-8.837675 -10.947747
-8.797595 -11.301159
-8.757515 -11.652965
-8.717435 -12.003165
-8.677355 -12.351758
-8.637275 -12.698744
-8.597194 -13.044124
-8.557114 -13.387898
-8.517034 -13.730065
-8.476954 -14.070626
-8.436874 -14.409581
-8.396794 -14.746929
-8.356713 -15.082670
-8.316633 -15.416806
-8.276553 -15.749334
-8.236473 -16.080257
-8.196393 -16.409573
-8.156313 -16.737282
-8.116232 -17.063385
-8.076152 -17.387882
-8.036072 -17.710772
-7.995992 -18.032056
-7.955912 -18.351734
-7.915832 -18.669805
-7.875752 -18.986269
-7.835671 -19.301127
-7.795591 -19.614379
-7.755511 -19.926024
-7.715431 -20.236063
-7.675351 -20.544496
-7.635271 -20.851322
-7.595190 -21.156542
-7.555110 -21.460155
-7.515030 -21.762162
-7.474950 -22.062562
-7.434870 -22.361356
-7.394790 -22.658544
-7.354709 -22.954125
-7.314629 -23.248099
-7.274549 -23.540468
-7.234469 -23.831230
-7.194389 -24.120385
-7.154309 -24.407934
-7.114228 -24.693877
-7.074148 -24.978213
-7.034068 -25.260943
-6.993988 -25.542066
-6.953908 -25.821583
-6.913828 -26.099494
-6.873747 -26.375798
-6.833667 -26.650495
-6.793587 -26.923587
-6.753507 -27.195072
-6.713427 -27.464950
-6.673347 -27.733222
-6.633267 -27.999888
-6.593186 -28.264947
-6.553106 -28.528400
-6.513026 -28.790246
-6.472946 -29.050486
-6.432866 -29.309119
-6.392786 -29.566146
-6.352705 -29.821567
-6.312625 -30.075381
-6.272545 -30.327589
-6.232465 -30.578190
-6.192385 -30.827185
-6.152305 -31.074574
-6.112224 -31.320356
-6.072144 -31.564532
-6.032064 -31.807101
-5.991984 -32.048064
-5.951904 -32.287421
-5.911824 -32.525171
-5.871743 -32.761314
-5.831663 -32.995851
-5.791583 -33.228782
-5.751503 -33.460107
-5.711423 -33.689825
-5.671343 -33.917936
-5.631263 -34.144441
-5.591182 -34.369340
-5.551102 -34.592632
-5.511022 -34.814318
-5.470942 -35.034397
-5.430862 -35.252871
-5.390782 -35.469737
-5.350701 -35.684997
-5.310621 -35.898651
-5.270541 -36.110698
-5.230461 -36.321139
-5.190381 -36.529974
-5.150301 -36.737202
-5.110220 -36.942824
-5.070140 -37.146839
-5.030060 -37.349248
-4.989980 -37.550050
-4.949900 -37.749246
-4.909820 -37.946836
-4.869739 -38.142819
-4.829659 -38.337195
-4.789579 -38.529966
-4.749499 -38.721130
-4.709419 -38.910687
-4.669339 -39.098638
-4.629259 -39.284983
-4.589178 -39.469721
-4.549098 -39.652853
-4.509018 -39.834378
-4.468938 -40.014297
-4.428858 -40.192610
-4.388778 -40.369316
-4.348697 -40.544416
-4.308617 -40.717909
-4.268537 -40.889796
-4.228457 -41.060076
-4.188377 -41.228750
-4.148297 -41.395818
-4.108216 -41.561279
-4.068136 -41.725134
-4.028056 -41.887382
-3.987976 -42.048024
-3.947896 -42.207059
-3.907816 -42.364489
-3.867735 -42.520311
-3.827655 -42.674527
-3.787575 -42.827137
-3.747495 -42.978141
-3.707415 -43.127538
-3.667335 -43.275328
-3.627255 -43.421512
-3.587174 -43.566090
-3.547094 -43.709061
-3.507014 -43.850426
-3.466934 -43.990185
-3.426854 -44.128337
-3.386774 -44.264883
-3.346693 -44.399822
-3.306613 -44.533155
-3.266533 -44.664881
-3.226453 -44.795001
-3.186373 -44.923514
-3.146293 -45.050422
-3.106212 -45.175722
-3.066132 -45.299417
-3.026052 -45.421504
-2.985972 -45.541986
-2.945892 -45.660861
-2.905812 -45.778129
-2.865731 -45.893792
-2.825651 -46.007847
-2.785571 -46.120297
-2.745491 -46.231140
-2.705411 -46.340376
-2.665331 -46.448006
-2.625251 -46.554030
-2.585170 -46.658447
-2.545090 -46.761258
-2.505010 -46.862462
-2.464930 -46.962060
-2.424850 -47.060052
-2.384770 -47.156437
-2.344689 -47.251216
-2.304609 -47.344388
-2.264529 -47.435954
-2.224449 -47.525914
-2.184369 -47.614267
-2.144289 -47.701013
-2.104208 -47.786154
-2.064128 -47.869687
-2.024048 -47.951615
-1.983968 -48.031936
-1.943888 -48.110650
-1.903808 -48.187758
-1.863727 -48.263260
-1.823647 -48.337155
-1.783567 -48.409444
-1.743487 -48.480127
-1.703407 -48.549203
-1.663327 -48.616672
-1.623246 -48.682535
-1.583166 -48.746792
-1.543086 -48.809443
-1.503006 -48.870486
-1.462926 -48.929924
-1.422846 -48.987755
-1.382766 -49.043980
-1.342685 -49.098598
-1.302605 -49.151610
-1.262525 -49.203015
-1.222445 -49.252814
-1.182365 -49.301007
-1.142285 -49.347593
-1.102204 -49.392573
-1.062124 -49.435946
-1.022044 -49.477713
-0.981964 -49.517873
-0.941884 -49.556428
-0.901804 -49.593375
-0.861723 -49.628716
-0.821643 -49.662451
-0.781563 -49.694580
-0.741483 -49.725102
-0.701403 -49.754017
-0.661323 -49.781326
-0.621242 -49.807029
-0.581162 -49.831125
-0.541082 -49.853615
-0.501002 -49.874499
-0.460922 -49.893776
-0.420842 -49.911446
-0.380762 -49.927510
-0.340681 -49.941968
-0.300601 -49.954819
-0.260521 -49.966064
-0.220441 -49.975703
-0.180361 -49.983735
-0.140281 -49.990161
-0.100200 -49.994980
-0.060120 -49.998193
-0.020040 -49.999799
0.020040 -49.999799
0.060120 -49.998193
0.100200 -49.994980
0.140281 -49.990161
0.180361 -49.983735
0.220441 -49.975703
0.260521 -49.966064
0.300601 -49.954819
0.340681 -49.941968
0.380762 -49.927510
0.420842 -49.911446
0.460922 -49.893776
0.501002 -49.874499
0.541082 -49.853615
0.581162 -49.831125
0.621242 -49.807029
0.661323 -49.781326
0.701403 -49.754017
0.741483 -49.725102
0.781563 -49.694580
0.821643 -49.662451
0.861723 -49.628716
0.901804 -49.593375
0.941884 -49.556428
0.981964 -49.517873
1.022044 -49.477713
1.062124 -49.435946
1.102204 -49.392573
1.142285 -49.347593
1.182365 -49.301007
1.222445 -49.252814
1.262525 -49.203015
1.302605 -49.151610
1.342685 -49.098598
1.382766 -49.043980
1.422846 -48.987755
1.462926 -48.929924
1.503006 -48.870486
1.543086 -48.809443
1.583166 -48.746792
1.623246 -48.682535
1.663327 -48.616672
1.703407 -48.549203
1.743487 -48.480127
1.783567 -48.409444
1.823647 -48.337155
1.863727 -48.263260
1.903808 -48.187758
1.943888 -48.110650
1.983968 -48.031936
2.024048 -47.951615
2.064128 -47.869687
2.104208 -47.786154
2.144289 -47.701013
2.184369 -47.614267
2.224449 -47.525914
2.264529 -47.435954
2.304609 -47.344388
2.344689 -47.251216
2.384770 -47.156437
2.424850 -47.060052
2.464930 -46.962060
2.505010 -46.862462
2.545090 -46.761258
2.585170 -46.658447
2.625251 -46.554030
2.665331 -46.448006
2.705411 -46.340376
2.745491 -46.231140
2.785571 -46.120297
2.825651 -46.007847
2.865731 -45.893792
2.905812 -45.778129
2.945892 -45.660861
2.985972 -45.541986
3.026052 -45.421504
3.066132 -45.299417
3.106212 -45.175722
3.146293 -45.050422
3.186373 -44.923514
3.226453 -44.795001
3.266533 -44.664881
3.306613 -44.533155
3.346693 -44.399822
3.386774 -44.264883
3.426854 -44.128337
3.466934 -43.990185
3.507014 -43.850426
3.547094 -43.709061
3.587174 -43.566090
3.627255 -43.421512
3.667335 -43.275328
3.707415 -43.127538
3.747495 -42.978141
3.787575 -42.827137
3.827655 -42.674527
3.867735 -42.520311
3.907816 -42.364489
3.947896 -42.207059
3.987976 -42.048024
4.028056 -41.887382
4.068136 -41.725134
4.108216 -41.561279
4.148297 -41.395818
4.188377 -41.228750
4.228457 -41.060076
4.268537 -40.889796
4.308617 -40.717909
4.348697 -40.544416
4.388778 -40.369316
4.428858 -40.192610
4.468938 -40.014297
4.509018 -39.834378
4.549098 -39.652853
4.589178 -39.469721
4.629259 -39.284983
4.669339 -39.098638
4.709419 -38.910687
4.749499 -38.721130
4.789579 -38.529966
4.829659 -38.337195
4.869739 -38.142819
4.909820 -37.946836
4.949900 -37.749246
4.989980 -37.550050
5.030060 -37.349248
5.070140 -37.146839
5.110220 -36.942824
5.150301 -36.737202
5.190381 -36.529974
5.230461 -36.321139
5.270541 -36.110698
5.310621 -35.898651
5.350701 -35.684997
5.390782 -35.469737
5.430862 -35.252871
5.470942 -35.034397
5.511022 -34.814318
5.551102 -34.592632
5.591182 -34.369340
5.631263 -34.144441
5.671343 -33.917936
5.711423 -33.689825
5.751503 -33.460107
5.791583 -33.228782
5.831663 -32.995851
5.871743 -32.761314
5.911824 -32.525171
5.951904 -32.287421
5.991984 -32.048064
6.032064 -31.807101
6.072144 -31.564532
6.112224 -31.320356
6.152305 -31.074574
6.192385 -30.827185
6.232465 -30.578190
6.272545 -30.327589
6.312625 -30.075381
6.352705 -29.821567
6.392786 -29.566146
6.432866 -29.309119
6.472946 -29.050486
6.513026 -28.790246
6.553106 -28.528400
6.593186 -28.264947
6.633267 -27.999888
6.673347 -27.733222
6.713427 -27.464950
6.753507 -27.195072
6.793587 -26.923587
6.833667 -26.650495
6.873747 -26.375798
6.913828 -26.099494
6.953908 -25.821583
6.993988 -25.542066
7.034068 -25.260943
7.074148 -24.978213
7.114228 -24.693877
7.154309 -24.407934
7.194389 -24.120385
7.234469 -23.831230
7.274549 -23.540468
7.314629 -23.248099
7.354709 -22.954125
7.394790 -22.658544
7.434870 -22.361356
7.474950 -22.062562
7.515030 -21.762162
7.555110 -21.460155
7.595190 -21.156542
7.635271 -20.851322
7.675351 -20.544496
7.715431 -20.236063
7.755511 -19.926024
7.795591 -19.614379
7.835671 -19.301127
7.875752 -18.986269
7.915832 -18.669805
7.955912 -18.351734
7.995992 -18.032056
8.036072 -17.710772
8.076152 -17.387882
8.116232 -17.063385
8.156313 -16.737282
8.196393 -16.409573
8.236473 -16.080257
8.276553 -15.749334
8.316633 -15.416806
8.356713 -15.082670
8.396794 -14.746929
8.436874 -14.409581
8.476954 -14.070626
8.517034 -13.730065
8.557114 -13.387898
8.597194 -13.044124
8.637275 -12.698744
8.677355 -12.351758
8.717435 -12.003165
8.757515 -11.652965
8.797595 -11.301159
8.837675 -10.947747
8.877756 -10.592729
8.917836 -10.236103
8.957916 -9.877872
8.997996 -9.518034
9.038076 -9.156590
9.078156 -8.793539
9.118236 -8.428882
9.158317 -8.062618
9.198397 -7.694748
9.238477 -7.325272
9.278557 -6.954189
9.318637 -6.581500
9.358717 -6.207204
9.398798 -5.831302
9.438878 -5.453793
9.478958 -5.074678
9.519038 -4.693957
9.559118 -4.311629
9.599198 -3.927695
9.639279 -3.542154
9.679359 -3.155007
9.719439 -2.766254
9.759519 -2.375894
9.799599 -1.983928
9.839679 -1.590355
9.879760 -1.195176
9.919840 -0.798390
9.959920 -0.399998
10.000000 0.000000
