0.000000 0.000000
0.200401 0.200400
0.400802 0.400800
0.601202 0.601200
0.801603 0.801605
1.002004 1.002005
1.202405 1.202405
1.402806 1.402805
1.603206 1.603205
1.803607 1.803605
2.004008 2.004010
2.204409 2.204410
2.404810 2.404810
2.605210 2.605210
2.805611 2.805610
3.006012 3.006010
3.206413 3.206415
3.406814 3.406815
3.607214 3.607215
3.807615 3.807615
4.008016 4.008015
4.208417 4.208415
4.408818 4.408820
4.609218 4.609220
4.809619 4.809620
5.010020 5.010020
5.210421 5.210420
5.410822 5.410820
5.611222 5.611220
5.811623 5.811625
6.012024 6.012025
6.212425 6.212425
6.412826 6.412825
6.613226 6.613225
6.813627 6.813625
7.014028 7.014030
7.214429 7.214430
7.414830 7.414830
7.615230 7.615230
7.815631 7.815630
8.016032 8.016030
8.216433 8.216435
8.416834 8.416835
8.617234 8.617235
8.817635 8.817635
9.018036 9.018035
9.218437 9.218435
9.418838 9.418840
9.619238 9.619240
9.819639 9.819640
10.020040 10.020040
10.220441 10.220440
10.420842 10.420840
10.621242 10.621240
10.821643 10.821645
11.022044 11.022045
11.222445 11.222445
11.422846 11.422845
11.623246 11.623245
11.823647 11.823645
12.024048 12.024050
12.224449 12.224450
12.424850 12.424850
12.625251 12.625250
12.825651 12.825650
13.026052 13.026050
13.226453 13.226455
13.426854 13.426855
13.627255 13.627255
13.827655 13.827655
14.028056 14.028055
14.228457 14.228455
14.428858 14.428860
14.629259 14.629260
14.829659 14.829660
15.030060 15.030060
15.230461 15.230460
15.430862 15.430860
15.631263 15.631265
15.831663 15.831665
16.032064 16.032065
16.232465 16.232465
16.432866 16.432865
16.633267 16.633265
16.833667 16.833665
17.034068 17.034070
17.234469 17.234470
17.434870 17.434870
17.635271 17.635270
17.835671 17.835670
18.036072 18.036070
18.236473 18.236475
18.436874 18.436875
18.637275 18.637275
18.837675 18.837675
19.038076 19.038075
19.238477 19.238475
19.438878 19.438880
19.639279 19.639280
19.839679 19.839680
20.040080 20.040080
20.240481 20.240480
20.440882 20.440880
20.641283 20.641285
20.841683 20.841685
21.042084 21.042085
21.242485 21.242485
21.442886 21.442885
21.643287 21.643285
21.843687 21.843685
22.044088 22.044090
22.244489 22.244490
22.444890 22.444890
22.645291 22.645290
22.845691 22.845690
23.046092 23.046090
23.246493 23.246495
23.446894 23.446895
23.647295 23.647295
23.847695 23.847695
24.048096 24.048095
24.248497 24.248495
24.448898 24.448900
24.649299 24.649300
24.849699 24.849700
25.050100 25.050100
25.250501 25.250500
25.450902 25.450900
25.651303 25.651305
25.851703 25.851705
26.052104 26.052105
26.252505 26.252505
26.452906 26.452905
26.653307 26.653305
26.853707 26.853705
27.054108 27.054110
27.254509 27.254510
27.454910 27.454910
27.655311 27.655310
27.855711 27.855710
28.056112 28.056110
28.256513 28.256515
28.456914 28.456915
28.657315 28.657315
28.857715 28.857715
29.058116 29.058115
29.258517 29.258515
29.458918 29.458920
29.659319 29.659320
29.859719 29.859720
30.060120 30.060120
30.260521 30.260520
30.460922 30.460920
30.661323 30.661325
30.861723 30.861725
31.062124 31.062125
31.262525 31.262525
31.462926 31.462925
31.663327 31.663325
31.863727 31.863725
32.064128 32.064130
32.264529 32.264530
32.464930 32.464930
32.665331 32.665330
32.865731 32.865730
33.066132 33.066130
33.266533 33.266535
33.466934 33.466935
33.667335 33.667335
33.867735 33.867735
34.068136 34.068135
34.268537 34.268535
34.468938 34.468940
34.669339 34.669340
34.869739 34.869740
35.070140 35.070140
35.270541 35.270540
35.470942 35.470940
35.671343 35.671345
35.871743 35.871745
36.072144 36.072145
36.272545 36.272545
36.472946 36.472945
36.673347 36.673345
36.873747 36.873745
37.074148 37.074150
37.274549 37.274550
37.474950 37.474950
37.675351 37.675350
37.875752 37.875750
38.076152 38.076150
38.276553 38.276555
38.476954 38.476955
38.677355 38.677355
38.877756 38.877755
39.078156 39.078155
39.278557 39.278555
39.478958 39.478960
39.679359 39.679360
39.879760 39.879760
40.080160 40.080160
40.280561 40.280560
40.480962 40.480960
40.681363 40.681365
40.881764 40.881765
41.082164 41.082165
41.282565 41.282565
41.482966 41.482965
41.683367 41.683365
41.883768 41.883770
42.084168 42.084170
42.284569 42.284570
42.484970 42.484970
42.685371 42.685370
42.885772 42.885770
43.086172 43.086170
43.286573 43.286575
43.486974 43.486975
43.687375 43.687375
43.887776 43.887775
44.088176 44.088175
44.288577 44.288575
44.488978 44.488980
44.689379 44.689380
44.889780 44.889780
45.090180 45.090180
45.290581 45.290580
45.490982 45.490980
45.691383 45.691385
45.891784 45.891785
46.092184 46.092185
46.292585 46.292585
46.492986 46.492985
46.693387 46.693385
46.893788 46.893790
47.094188 47.094190
47.294589 47.294590
47.494990 47.494990
47.695391 47.695390
47.895792 47.895790
48.096192 48.096190
48.296593 48.296595
48.496994 48.496995
48.697395 48.697395
48.897796 48.897795
49.098196 49.098195
49.298597 49.298595
49.498998 49.499000
49.699399 49.699400
49.899800 49.899800
50.100200 50.100200
50.300601 50.300600
50.501002 50.501000
50.701403 50.701405
50.901804 50.901805
51.102204 51.102205
51.302605 51.302605
51.503006 51.503005
51.703407 51.703405
51.903808 51.903810
52.104208 52.104210
52.304609 52.304610
52.505010 52.505010
52.705411 52.705410
52.905812 52.905810
53.106212 53.106210
53.306613 53.306615
53.507014 53.507015
53.707415 53.707415
53.907816 53.907815
54.108216 54.108215
54.308617 54.308615
54.509018 54.509020
54.709419 54.709420
54.909820 54.909820
55.110220 55.110220
55.310621 55.310620
55.511022 55.511020
55.711423 55.711425
55.911824 55.911825
56.112224 56.112225
56.312625 56.312625
56.513026 56.513025
56.713427 56.713425
56.913828 56.913830
57.114228 57.114230
57.314629 57.314630
57.515030 57.515030
57.715431 57.715430
57.915832 57.915830
58.116232 58.116230
58.316633 58.316635
58.517034 58.517035
58.717435 58.717435
58.917836 58.917835
59.118236 59.118235
59.318637 59.318635
59.519038 59.519040
59.719439 59.719440
59.919840 59.919840
60.120240 60.120240
60.320641 60.320640
60.521042 60.521040
60.721443 60.721445
60.921844 60.921845
61.122244 61.122245
61.322645 61.322645
61.523046 61.523045
61.723447 61.723445
61.923848 61.923850
62.124248 62.124250
62.324649 62.324650
62.525050 62.525050
62.725451 62.725450
62.925852 62.925850
63.126253 63.126255
63.326653 63.326655
63.527054 63.527055
63.727455 63.727455
63.927856 63.927855
64.128257 64.128255
64.328657 64.328655
64.529058 64.529060
64.729459 64.729460
64.929860 64.929860
65.130261 65.130260
65.330661 65.330660
65.531062 65.531060
65.731463 65.731465
65.931864 65.931865
66.132265 66.132265
66.332665 66.332665
66.533066 66.533065
66.733467 66.733465
66.933868 66.933870
67.134269 67.134270
67.334669 67.334670
67.535070 67.535070
67.735471 67.735470
67.935872 67.935870
68.136273 68.136275
68.336673 68.336675
68.537074 68.537075
68.737475 68.737475
68.937876 68.937875
69.138277 69.138275
69.338677 69.338675
69.539078 69.539080
69.739479 69.739480
69.939880 69.939880
70.140281 70.140280
70.340681 70.340680
70.541082 70.541080
70.741483 70.741485
70.941884 70.941885
71.142285 71.142285
71.342685 71.342685
71.543086 71.543085
71.743487 71.743485
71.943888 71.943890
72.144289 72.144290
72.344689 72.344690
72.545090 72.545090
72.745491 72.745490
72.945892 72.945890
73.146293 73.146295
73.346693 73.346695
73.547094 73.547095
73.747495 73.747495
73.947896 73.947895
74.148297 74.148295
74.348697 74.348695
74.549098 74.549100
74.749499 74.749500
74.949900 74.949900
75.150301 75.150300
75.350701 75.350700
75.551102 75.551100
75.751503 75.751505
75.951904 75.951905
76.152305 76.152305
76.352705 76.352705
76.553106 76.553105
76.753507 76.753505
76.953908 76.953910
77.154309 77.154310
77.354709 77.354710
77.555110 77.555110
77.755511 77.755510
77.955912 77.955910
78.156313 78.156315
78.356713 78.356715
78.557114 78.557115
78.757515 78.757515
78.957916 78.957915
79.158317 79.158315
79.358717 79.358715
79.559118 79.559120
79.759519 79.759520
79.959920 79.959920
80.160321 80.160320
80.360721 80.360720
80.561122 80.561120
80.761523 80.761525
80.961924 80.961925
81.162325 81.162325
81.362725 81.362725
81.563126 81.563125
81.763527 81.763525
81.963928 81.963930
82.164329 82.164330
82.364729 82.364730
82.565130 82.565130
82.765531 82.765530
82.965932 82.965930
83.166333 83.166335
83.366733 83.366735
83.567134 83.567135
83.767535 83.767535
83.967936 83.967935
84.168337 84.168335
84.368737 84.368735
84.569138 84.569140
84.769539 84.769540
84.969940 84.969940
85.170341 85.170340
85.370741 85.370740
85.571142 85.571140
85.771543 85.771545
85.971944 85.971945
86.172345 86.172345
86.372745 86.372745
86.573146 86.573145
86.773547 86.773545
86.973948 86.973950
87.174349 87.174350
87.374749 87.374750
87.575150 87.575150
87.775551 87.775550
87.975952 87.975950
88.176353 88.176355
88.376754 88.376755
88.577154 88.577155
88.777555 88.777555
88.977956 88.977955
89.178357 89.178355
89.378758 89.378760
89.579158 89.579160
89.779559 89.779560
89.979960 89.979960
90.180361 90.180360
90.380762 90.380760
90.581162 90.581160
90.781563 90.781565
90.981964 90.981965
91.182365 91.182365
91.382766 91.382765
91.583166 91.583165
91.783567 91.783565
91.983968 91.983970
92.184369 92.184370
92.384770 92.384770
92.585170 92.585170
92.785571 92.785570
92.985972 92.985970
93.186373 93.186375
93.386774 93.386775
93.587174 93.587175
93.787575 93.787575
93.987976 93.987975
94.188377 94.188375
94.388778 94.388780
94.589178 94.589180
94.789579 94.789580
94.989980 94.989980
95.190381 95.190380
95.390782 95.390780
95.591182 95.591180
95.791583 95.791585
95.991984 95.991985
96.192385 96.192385
96.392786 96.392785
96.593186 96.593185
96.793587 96.793585
96.993988 96.993990
97.194389 97.194390
97.394790 97.394790
97.595190 97.595190
97.795591 97.795590
97.995992 97.995990
98.196393 98.196395
98.396794 98.396795
98.597194 98.597195
98.797595 98.797595
98.997996 98.997995
99.198397 99.198395
99.398798 99.398800
99.599198 99.599200
99.799599 99.799600
100.000000 100.000000
