-10.000000 -10.000000
-9.959920 -9.959920
-9.919840 -9.919840
-9.879760 -9.879760
-9.839679 -9.839679
-9.799599 -9.799599
-9.759519 -9.759519
-9.719439 -9.719439
-9.679359 -9.679359
-9.639279 -9.639279
-9.599198 -9.599198
-9.559118 -9.559118
-9.519038 -9.519038
-9.478958 -9.478958
-9.438878 -9.438878
-9.398798 -9.398798
-9.358717 -9.358717
-9.318637 -9.318637
-9.278557 -9.278557
-9.238477 -9.238477
-9.198397 -9.198397
-9.158317 -9.158317
-9.118236 -9.118236
-9.078156 -9.078156
-9.038076 -9.038076
-8.997996 -8.997996
-8.957916 -8.957916
-8.917836 -8.917836
-8.877756 -8.877756
-8.837675 -8.837675
-8.797595 -8.797595
-8.757515 -8.757515
-8.717435 -8.717435
-8.677355 -8.677355
-8.637275 -8.637275
-8.597194 -8.597194
-8.557114 -8.557114
-8.517034 -8.517034
-8.476954 -8.476954
-8.436874 -8.436874
-8.396794 -8.396794
-8.356713 -8.356713
-8.316633 -8.316633
-8.276553 -8.276553
-8.236473 -8.236473
-8.196393 -8.196393
-8.156313 -8.156313
-8.116232 -8.116232
-8.076152 -8.076152
-8.036072 -8.036072
-7.995992 -7.995992
-7.955912 -7.955912
-7.915832 -7.915832
-7.875752 -7.875752
-7.835671 -7.835671
-7.795591 -7.795591
-7.755511 -7.755511
-7.715431 -7.715431
-7.675351 -7.675351
-7.635271 -7.635271
-7.595190 -7.595190
-7.555110 -7.555110
-7.515030 -7.515030
-7.474950 -7.474950
-7.434870 -7.434870
-7.394790 -7.394790
-7.354709 -7.354709
-7.314629 -7.314629
-7.274549 -7.274549
-7.234469 -7.234469
-7.194389 -7.194389
-7.154309 -7.154309
-7.114228 -7.114228
-7.074148 -7.074148
-7.034068 -7.034068
-6.993988 -6.993988
-6.953908 -6.953908
-6.913828 -6.913828
-6.873747 -6.873747
-6.833667 -6.833667
-6.793587 -6.793587
-6.753507 -6.753507
-6.713427 -6.713427
-6.673347 -6.673347
-6.633267 -6.633267
-6.593186 -6.593186
-6.553106 -6.553106
-6.513026 -6.513026
-6.472946 -6.472946
-6.432866 -6.432866
-6.392786 -6.392786
-6.352705 -6.352705
-6.312625 -6.312625
-6.272545 -6.272545
-6.232465 -6.232465
-6.192385 -6.192385
-6.152305 -6.152305
-6.112224 -6.112224
-6.072144 -6.072144
-6.032064 -6.032064
-5.991984 -5.991984
-5.951904 -5.951904
-5.911824 -5.911824
-5.871743 -5.871743
-5.831663 -5.831663
-5.791583 -5.791583
-5.751503 -5.751503
-5.711423 -5.711423
-5.671343 -5.671343
-5.631263 -5.631263
-5.591182 -5.591182
-5.551102 -5.551102
-5.511022 -5.511022
-5.470942 -5.470942
-5.430862 -5.430862
-5.390782 -5.390782
-5.350701 -5.350701
-5.310621 -5.310621
-5.270541 -5.270541
-5.230461 -5.230461
-5.190381 -5.190381
-5.150301 -5.150301
-5.110220 -5.110220
-5.070140 -5.070140
-5.030060 -5.030060
-4.989980 -4.989980
-4.949900 -4.949900
-4.909820 -4.909820
-4.869739 -4.869739
-4.829659 -4.829659
-4.789579 -4.789579
-4.749499 -4.749499
-4.709419 -4.709419
-4.669339 -4.669339
-4.629259 -4.629259
-4.589178 -4.589178
-4.549098 -4.549098
-4.509018 -4.509018
-4.468938 -4.468938
-4.428858 -4.428858
-4.388778 -4.388778
-4.348697 -4.348697
-4.308617 -4.308617
-4.268537 -4.268537
-4.228457 -4.228457
-4.188377 -4.188377
-4.148297 -4.148297
-4.108216 -4.108216
-4.068136 -4.068136
-4.028056 -4.028056
-3.987976 -3.987976
-3.947896 -3.947896
-3.907816 -3.907816
-3.867735 -3.867735
-3.827655 -3.827655
-3.787575 -3.787575
-3.747495 -3.747495
-3.707415 -3.707415
-3.667335 -3.667335
-3.627255 -3.627255
-3.587174 -3.587174
-3.547094 -3.547094
-3.507014 -3.507014
-3.466934 -3.466934
-3.426854 -3.426854
-3.386774 -3.386774
-3.346693 -3.346693
-3.306613 -3.306613
-3.266533 -3.266533
-3.226453 -3.226453
-3.186373 -3.186373
-3.146293 -3.146293
-3.106212 -3.106212
-3.066132 -3.066132
-3.026052 -3.026052
-2.985972 -2.985972
-2.945892 -2.945892
-2.905812 -2.905812
-2.865731 -2.865731
-2.825651 -2.825651
-2.785571 -2.785571
-2.745491 -2.745491
-2.705411 -2.705411
-2.665331 -2.665331
-2.625251 -2.625251
-2.585170 -2.585170
-2.545090 -2.545090
-2.505010 -2.505010
-2.464930 -2.464930
-2.424850 -2.424850
-2.384770 -2.384770
-2.344689 -2.344689
-2.304609 -2.304609
-2.264529 -2.264529
-2.224449 -2.224449
-2.184369 -2.184369
-2.144289 -2.144289
-2.104208 -2.104208
-2.064128 -2.064128
-2.024048 -2.024048
-1.983968 -1.983968
-1.943888 -1.943888
-1.903808 -1.903808
-1.863727 -1.863727
-1.823647 -1.823647
-1.783567 -1.783567
-1.743487 -1.743487
-1.703407 -1.703407
-1.663327 -1.663327
-1.623246 -1.623246
-1.583166 -1.583166
-1.543086 -1.543086
-1.503006 -1.503006
-1.462926 -1.462926
-1.422846 -1.422846
-1.382766 -1.382766
-1.342685 -1.342685
-1.302605 -1.302605
-1.262525 -1.262525
-1.222445 -1.222445
-1.182365 -1.182365
-1.142285 -1.142285
-1.102204 -1.102204
-1.062124 -1.062124
-1.022044 -1.022044
-0.981964 -0.981964
-0.941884 -0.941884
-0.901804 -0.901804
-0.861723 -0.861723
-0.821643 -0.821643
-0.781563 -0.781563
-0.741483 -0.741483
-0.701403 -0.701403
-0.661323 -0.661323
-0.621242 -0.621242
-0.581162 -0.581162
-0.541082 -0.541082
-0.501002 -0.501002
-0.460922 -0.460922
-0.420842 -0.420842
-0.380762 -0.380762
-0.340681 -0.340681
-0.300601 -0.300601
-0.260521 -0.260521
-0.220441 -0.220441
-0.180361 -0.180361
-0.140281 -0.140281
-0.100200 -0.100200
-0.060120 -0.060120
-0.020040 -0.020040
0.020040 0.020040
0.060120 0.060120
0.100200 0.100200
0.140281 0.140281
0.180361 0.180361
0.220441 0.220441
0.260521 0.260521
0.300601 0.300601
0.340681 0.340681
0.380762 0.380762
0.420842 0.420842
0.460922 0.460922
0.501002 0.501002
0.541082 0.541082
0.581162 0.581162
0.621242 0.621242
0.661323 0.661323
0.701403 0.701403
0.741483 0.741483
0.781563 0.781563
0.821643 0.821643
0.861723 0.861723
0.901804 0.901804
0.941884 0.941884
0.981964 0.981964
1.022044 1.022044
1.062124 1.062124
1.102204 1.102204
1.142285 1.142285
1.182365 1.182365
1.222445 1.222445
1.262525 1.262525
1.302605 1.302605
1.342685 1.342685
1.382766 1.382766
1.422846 1.422846
1.462926 1.462926
1.503006 1.503006
1.543086 1.543086
1.583166 1.583166
1.623246 1.623246
1.663327 1.663327
1.703407 1.703407
1.743487 1.743487
1.783567 1.783567
1.823647 1.823647
1.863727 1.863727
1.903808 1.903808
1.943888 1.943888
1.983968 1.983968
2.024048 2.024048
2.064128 2.064128
2.104208 2.104208
2.144289 2.144289
2.184369 2.184369
2.224449 2.224449
2.264529 2.264529
2.304609 2.304609
2.344689 2.344689
2.384770 2.384770
2.424850 2.424850
2.464930 2.464930
2.505010 2.505010
2.545090 2.545090
2.585170 2.585170
2.625251 2.625251
2.665331 2.665331
2.705411 2.705411
2.745491 2.745491
2.785571 2.785571
2.825651 2.825651
2.865731 2.865731
2.905812 2.905812
2.945892 2.945892
2.985972 2.985972
3.026052 3.026052
3.066132 3.066132
3.106212 3.106212
3.146293 3.146293
3.186373 3.186373
3.226453 3.226453
3.266533 3.266533
3.306613 3.306613
3.346693 3.346693
3.386774 3.386774
3.426854 3.426854
3.466934 3.466934
3.507014 3.507014
3.547094 3.547094
3.587174 3.587174
3.627255 3.627255
3.667335 3.667335
3.707415 3.707415
3.747495 3.747495
3.787575 3.787575
3.827655 3.827655
3.867735 3.867735
3.907816 3.907816
3.947896 3.947896
3.987976 3.987976
4.028056 4.028056
4.068136 4.068136
4.108216 4.108216
4.148297 4.148297
4.188377 4.188377
4.228457 4.228457
4.268537 4.268537
4.308617 4.308617
4.348697 4.348697
4.388778 4.388778
4.428858 4.428858
4.468938 4.468938
4.509018 4.509018
4.549098 4.549098
4.589178 4.589178
4.629259 4.629259
4.669339 4.669339
4.709419 4.709419
4.749499 4.749499
4.789579 4.789579
4.829659 4.829659
4.869739 4.869739
4.909820 4.909820
4.949900 4.949900
4.989980 4.989980
5.030060 5.030060
5.070140 5.070140
5.110220 5.110220
5.150301 5.150301
5.190381 5.190381
5.230461 5.230461
5.270541 5.270541
5.310621 5.310621
5.350701 5.350701
5.390782 5.390782
5.430862 5.430862
5.470942 5.470942
5.511022 5.511022
5.551102 5.551102
5.591182 5.591182
5.631263 5.631263
5.671343 5.671343
5.711423 5.711423
5.751503 5.751503
5.791583 5.791583
5.831663 5.831663
5.871743 5.871743
5.911824 5.911824
5.951904 5.951904
5.991984 5.991984
6.032064 6.032064
6.072144 6.072144
6.112224 6.112224
6.152305 6.152305
6.192385 6.192385
6.232465 6.232465
6.272545 6.272545
6.312625 6.312625
6.352705 6.352705
6.392786 6.392786
6.432866 6.432866
6.472946 6.472946
6.513026 6.513026
6.553106 6.553106
6.593186 6.593186
6.633267 6.633267
6.673347 6.673347
6.713427 6.713427
6.753507 6.753507
6.793587 6.793587
6.833667 6.833667
6.873747 6.873747
6.913828 6.913828
6.953908 6.953908
6.993988 6.993988
7.034068 7.034068
7.074148 7.074148
7.114228 7.114228
7.154309 7.154309
7.194389 7.194389
7.234469 7.234469
7.274549 7.274549
7.314629 7.314629
7.354709 7.354709
7.394790 7.394790
7.434870 7.434870
7.474950 7.474950
7.515030 7.515030
7.555110 7.555110
7.595190 7.595190
7.635271 7.635271
7.675351 7.675351
7.715431 7.715431
7.755511 7.755511
7.795591 7.795591
7.835671 7.835671
7.875752 7.875752
7.915832 7.915832
7.955912 7.955912
7.995992 7.995992
8.036072 8.036072
8.076152 8.076152
8.116232 8.116232
8.156313 8.156313
8.196393 8.196393
8.236473 8.236473
8.276553 8.276553
8.316633 8.316633
8.356713 8.356713
8.396794 8.396794
8.436874 8.436874
8.476954 8.476954
8.517034 8.517034
8.557114 8.557114
8.597194 8.597194
8.637275 8.637275
8.677355 8.677355
8.717435 8.717435
8.757515 8.757515
8.797595 8.797595
8.837675 8.837675
8.877756 8.877756
8.917836 8.917836
8.957916 8.957916
8.997996 8.997996
9.038076 9.038076
9.078156 9.078156
9.118236 9.118236
9.158317 9.158317
9.198397 9.198397
9.238477 9.238477
9.278557 9.278557
9.318637 9.318637
9.358717 9.358717
9.398798 9.398798
9.438878 9.438878
9.478958 9.478958
9.519038 9.519038
9.559118 9.559118
9.599198 9.599198
9.639279 9.639279
9.679359 9.679359
9.719439 9.719439
9.759519 9.759519
9.799599 9.799599
9.839679 9.839679
9.879760 9.879760
9.919840 9.919840
9.959920 9.959920
10.000000 10.000000
