-9.987484 -0.845782
-9.962453 -0.858904
-9.937422 -0.871418
-9.912390 -0.883421
-9.887359 -0.894870
-9.862328 -0.905795
-9.837297 -0.916080
-9.812265 -0.925826
-9.787234 -0.935031
-9.762203 -0.943575
-9.737171 -0.951565
-9.712140 -0.958959
-9.687109 -0.965790
-9.662078 -0.971940
-9.637046 -0.977519
-9.612015 -0.982525
-9.586984 -0.986836
-9.561952 -0.990569
-9.536921 -0.993681
-9.511890 -0.996210
-9.486859 -0.998036
-9.461827 -0.999276
-9.436796 -0.999930
-9.411765 -0.999878
-9.386733 -0.999239
-9.361702 -0.998014
-9.336671 -0.996084
-9.311640 -0.993569
-9.286608 -0.990432
-9.261577 -0.986715
-9.236546 -0.982300
-9.211514 -0.977309
-9.186483 -0.971744
-9.161452 -0.965493
-9.136421 -0.958676
-9.111389 -0.951259
-9.086358 -0.943283
-9.061327 -0.934640
-9.036295 -0.925450
-9.011264 -0.915717
-8.986233 -0.905336
-8.961202 -0.894425
-8.936170 -0.882954
-8.911139 -0.870964
-8.886108 -0.858359
-8.861076 -0.845251
-8.836045 -0.831647
-8.811014 -0.817455
-8.785982 -0.802784
-8.760951 -0.787611
-8.735920 -0.771974
-8.710889 -0.755792
-8.685857 -0.739168
-8.660826 -0.722109
-8.635795 -0.704541
-8.610763 -0.686559
-8.585732 -0.668148
-8.560701 -0.649344
-8.535670 -0.630081
-8.510638 -0.610449
-8.485607 -0.590459
-8.460576 -0.570051
-8.435544 -0.549310
-8.410513 -0.528245
-8.385482 -0.506808
-8.360451 -0.485074
-8.335419 -0.463037
-8.310388 -0.440726
-8.285357 -0.418104
-8.260325 -0.395239
-8.235294 -0.372140
-8.210263 -0.348778
-8.185232 -0.325213
-8.160200 -0.301444
-8.135169 -0.277497
-8.110138 -0.253354
-8.085106 -0.229064
-8.060075 -0.204638
-8.035044 -0.180067
-8.010013 -0.155393
-7.984981 -0.130621
-7.959950 -0.105770
-7.934919 -0.080845
-7.909887 -0.055875
-7.884856 -0.030870
-7.859825 -0.005843
-7.834793 0.019186
-7.809762 0.044203
-7.784731 0.069195
-7.759700 0.094139
-7.734668 0.119026
-7.709637 0.143844
-7.684606 0.168561
-7.659574 0.193178
-7.634543 0.217673
-7.609512 0.242042
-7.584481 0.266241
-7.559449 0.290281
-7.534418 0.314153
-7.509387 0.337803
-7.484355 0.361253
-7.459324 0.384477
-7.434293 0.407477
-7.409262 0.430189
-7.384230 0.452647
-7.359199 0.474841
-7.334168 0.496700
-7.309136 0.518266
-7.284105 0.539529
-7.259074 0.560412
-7.234043 0.580964
-7.209011 0.601152
-7.183980 0.620989
-7.158949 0.640387
-7.133917 0.659408
-7.108886 0.678044
-7.083855 0.696200
-7.058824 0.713947
-7.033792 0.731247
-7.008761 0.748119
-6.983730 0.764463
-6.958698 0.780357
-6.933667 0.795794
-6.908636 0.810669
-6.883605 0.825068
-6.858573 0.838950
-6.833542 0.852340
-6.808511 0.865128
-6.783479 0.877408
-6.758448 0.889175
-6.733417 0.900313
-6.708385 0.910922
-6.683354 0.920960
-6.658323 0.930459
-6.633292 0.939301
-6.608260 0.947591
-6.583229 0.955326
-6.558198 0.962386
-6.533166 0.968881
-6.508135 0.974769
-6.483104 0.980085
-6.458073 0.984709
-6.433041 0.988755
-6.408010 0.992222
-6.382979 0.994987
-6.357947 0.997169
-6.332916 0.998726
-6.307885 0.999697
-6.282854 0.999962
-6.257822 0.999641
-6.232791 0.998733
-6.207760 0.997119
-6.182728 0.994921
-6.157697 0.992139
-6.132666 0.988656
-6.107635 0.984593
-6.082603 0.979914
-6.057572 0.974659
-6.032541 0.968716
-6.007509 0.962205
-5.982478 0.955129
-5.957447 0.947379
-5.932416 0.939073
-5.907384 0.930179
-5.882353 0.920739
-5.857322 0.910648
-5.832290 0.900024
-5.807259 0.888871
-5.782228 0.877090
-5.757196 0.864795
-5.732165 0.851959
-5.707134 0.838622
-5.682103 0.824693
-5.657071 0.810280
-5.632040 0.795392
-5.607009 0.779942
-5.581977 0.764035
-5.556946 0.747649
-5.531915 0.730824
-5.506884 0.713483
-5.481852 0.695724
-5.456821 0.677556
-5.431790 0.658909
-5.406758 0.639877
-5.381727 0.620444
-5.356696 0.600646
-5.331665 0.580424
-5.306633 0.559862
-5.281602 0.538971
-5.256571 0.517699
-5.231539 0.496124
-5.206508 0.474257
-5.181477 0.452056
-5.156446 0.429590
-5.131414 0.406855
-5.106383 0.383880
-5.081352 0.360634
-5.056320 0.337178
-5.031289 0.313523
-5.006258 0.289646
-4.981227 0.265601
-4.956195 0.241389
-4.931164 0.217035
-4.906133 0.192526
-4.881101 0.167907
-4.856070 0.143187
-4.831039 0.118367
-4.806008 0.093478
-4.780976 0.068531
-4.755945 0.043542
-4.730914 0.018523
-4.705882 -0.006506
-4.680851 -0.031533
-4.655820 -0.056537
-4.630788 -0.081507
-4.605757 -0.106426
-4.580726 -0.131283
-4.555695 -0.156048
-4.530663 -0.180720
-4.505632 -0.205288
-4.480601 -0.229710
-4.455569 -0.253996
-4.430538 -0.278123
-4.405507 -0.302088
-4.380476 -0.325840
-4.355444 -0.349400
-4.330413 -0.372756
-4.305382 -0.395848
-4.280350 -0.418707
-4.255319 -0.441304
-4.230288 -0.463643
-4.205257 -0.485654
-4.180225 -0.507380
-4.155194 -0.528809
-4.130163 -0.549864
-4.105131 -0.570596
-4.080100 -0.590994
-4.055069 -0.610975
-4.030038 -0.630596
-4.005006 -0.649822
-3.979975 -0.668668
-3.954944 -0.687042
-3.929912 -0.705011
-3.904881 -0.722568
-3.879850 -0.739615
-3.854819 -0.756227
-3.829787 -0.772365
-3.804756 -0.788051
-3.779725 -0.803180
-3.754693 -0.817837
-3.729662 -0.832015
-3.704631 -0.845606
-3.679599 -0.858699
-3.654568 -0.871255
-3.629537 -0.883300
-3.604506 -0.894722
-3.579474 -0.905618
-3.554443 -0.915983
-3.529412 -0.925701
-3.504380 -0.934876
-3.479349 -0.943465
-3.454318 -0.951501
-3.429287 -0.958865
-3.404255 -0.965666
-3.379224 -0.971901
-3.354193 -0.977449
-3.329161 -0.982423
-3.304130 -0.986783
-3.279099 -0.990563
-3.254068 -0.993644
-3.229036 -0.996142
-3.204005 -0.998055
-3.178974 -0.999264
-3.153942 -0.999886
-3.128911 -0.999922
-3.103880 -0.999251
-3.078849 -0.997995
-3.053817 -0.996113
-3.028786 -0.993646
-3.003755 -0.990478
-2.978723 -0.986729
-2.953692 -0.982401
-2.928661 -0.977379
-2.903630 -0.971784
-2.878598 -0.965580
-2.853567 -0.958809
-2.828536 -0.951361
-2.803504 -0.943355
-2.778473 -0.934795
-2.753442 -0.925576
-2.728411 -0.915813
-2.703379 -0.905477
-2.678348 -0.894609
-2.653317 -0.883110
-2.628285 -0.871092
-2.603254 -0.858564
-2.578223 -0.845428
-2.553191 -0.831798
-2.528160 -0.817646
-2.503129 -0.803014
-2.478098 -0.787815
-2.453066 -0.772154
-2.428035 -0.756040
-2.403004 -0.739391
-2.377972 -0.722310
-2.352941 -0.704776
-2.327910 -0.686828
-2.302879 -0.668395
-2.277847 -0.649570
-2.252816 -0.630364
-2.227785 -0.610712
-2.202753 -0.590703
-2.177722 -0.570324
-2.152691 -0.549609
-2.127660 -0.528506
-2.102628 -0.507094
-2.077597 -0.485384
-2.052566 -0.463330
-2.027534 -0.441006
-2.002503 -0.418422
-1.977472 -0.395543
-1.952441 -0.372433
-1.927409 -0.349089
-1.902378 -0.325540
-1.877347 -0.301760
-1.852315 -0.277805
-1.827284 -0.253685
-1.802253 -0.229386
-1.777222 -0.204955
-1.752190 -0.180394
-1.727159 -0.155727
-1.702128 -0.130949
-1.677096 -0.106096
-1.652065 -0.081179
-1.627034 -0.056205
-1.602003 -0.031200
-1.576971 -0.006175
-1.551940 0.018855
-1.526909 0.043872
-1.501877 0.068862
-1.476846 0.093812
-1.451815 0.118697
-1.426783 0.143510
-1.401752 0.168234
-1.376721 0.192860
-1.351690 0.217350
-1.326658 0.241711
-1.301627 0.265931
-1.276596 0.289964
-1.251564 0.313825
-1.226533 0.337490
-1.201502 0.360958
-1.176471 0.384171
-1.151439 0.407158
-1.126408 0.429907
-1.101377 0.452352
-1.076345 0.474530
-1.051314 0.496432
-1.026283 0.517983
-1.001252 0.539228
-0.976220 0.560136
-0.951189 0.580717
-0.926158 0.600887
-0.901126 0.620704
-0.876095 0.640157
-0.851064 0.659159
-0.826033 0.677773
-0.801001 0.695962
-0.775970 0.713744
-0.750939 0.731021
-0.725907 0.747869
-0.700876 0.764279
-0.675845 0.780150
-0.650814 0.795561
-0.625782 0.810475
-0.600751 0.824913
-0.575720 0.838769
-0.550688 0.852132
-0.525657 0.864996
-0.500626 0.877249
-0.475594 0.888987
-0.450563 0.900168
-0.425532 0.910821
-0.400501 0.920831
-0.375469 0.930301
-0.350438 0.939225
-0.325407 0.947485
-0.300375 0.955189
-0.275344 0.962295
-0.250313 0.968837
-0.225282 0.974695
-0.200250 0.979980
-0.175219 0.984691
-0.150188 0.988706
-0.125156 0.992141
-0.100125 0.994954
-0.075094 0.997184
-0.050063 0.998710
-0.025031 0.999649
-0.000000 1.000002
0.025031 0.999649
0.050063 0.998710
0.075094 0.997184
0.100125 0.994954
0.125156 0.992141
0.150188 0.988706
0.175219 0.984691
0.200250 0.979980
0.225282 0.974695
0.250313 0.968837
0.275344 0.962295
0.300375 0.955189
0.325407 0.947485
0.350438 0.939225
0.375469 0.930301
0.400501 0.920831
0.425532 0.910821
0.450563 0.900168
0.475594 0.888987
0.500626 0.877249
0.525657 0.864996
0.550688 0.852132
0.575720 0.838769
0.600751 0.824913
0.625782 0.810475
0.650814 0.795561
0.675845 0.780150
0.700876 0.764279
0.725907 0.747869
0.750939 0.731021
0.775970 0.713744
0.801001 0.695962
0.826033 0.677773
0.851064 0.659159
0.876095 0.640157
0.901126 0.620704
0.926158 0.600887
0.951189 0.580717
0.976220 0.560136
1.001252 0.539228
1.026283 0.517983
1.051314 0.496432
1.076345 0.474530
1.101377 0.452352
1.126408 0.429907
1.151439 0.407158
1.176471 0.384171
1.201502 0.360958
1.226533 0.337490
1.251564 0.313825
1.276596 0.289964
1.301627 0.265931
1.326658 0.241711
1.351690 0.217350
1.376721 0.192860
1.401752 0.168234
1.426783 0.143510
1.451815 0.118697
1.476846 0.093812
1.501877 0.068862
1.526909 0.043872
1.551940 0.018855
1.576971 -0.006175
1.602003 -0.031200
1.627034 -0.056205
1.652065 -0.081179
1.677096 -0.106096
1.702128 -0.130949
1.727159 -0.155727
1.752190 -0.180394
1.777222 -0.204955
1.802253 -0.229386
1.827284 -0.253685
1.852315 -0.277805
1.877347 -0.301760
1.902378 -0.325540
1.927409 -0.349089
1.952441 -0.372433
1.977472 -0.395543
2.002503 -0.418422
2.027534 -0.441006
2.052566 -0.463330
2.077597 -0.485384
2.102628 -0.507094
2.127660 -0.528506
2.152691 -0.549609
2.177722 -0.570324
2.202753 -0.590703
2.227785 -0.610712
2.252816 -0.630364
2.277847 -0.649570
2.302879 -0.668395
2.327910 -0.686828
2.352941 -0.704776
2.377972 -0.722310
2.403004 -0.739391
2.428035 -0.756040
2.453066 -0.772154
2.478098 -0.787815
2.503129 -0.803014
2.528160 -0.817646
2.553191 -0.831798
2.578223 -0.845428
2.603254 -0.858564
2.628285 -0.871092
2.653317 -0.883110
2.678348 -0.894609
2.703379 -0.905477
2.728411 -0.915813
2.753442 -0.925576
2.778473 -0.934795
2.803504 -0.943355
2.828536 -0.951361
2.853567 -0.958809
2.878598 -0.965580
2.903630 -0.971784
2.928661 -0.977379
2.953692 -0.982401
2.978723 -0.986729
3.003755 -0.990478
3.028786 -0.993646
3.053817 -0.996113
3.078849 -0.997995
3.103880 -0.999251
3.128911 -0.999922
3.153942 -0.999886
3.178974 -0.999264
3.204005 -0.998055
3.229036 -0.996142
3.254068 -0.993644
3.279099 -0.990563
3.304130 -0.986783
3.329161 -0.982423
3.354193 -0.977449
3.379224 -0.971901
3.404255 -0.965666
3.429287 -0.958865
3.454318 -0.951501
3.479349 -0.943465
3.504380 -0.934876
3.529412 -0.925701
3.554443 -0.915983
3.579474 -0.905618
3.604506 -0.894722
3.629537 -0.883300
3.654568 -0.871255
3.679599 -0.858699
3.704631 -0.845606
3.729662 -0.832015
3.754693 -0.817837
3.779725 -0.803180
3.804756 -0.788051
3.829787 -0.772365
3.854819 -0.756227
3.879850 -0.739615
3.904881 -0.722568
3.929912 -0.705011
3.954944 -0.687042
3.979975 -0.668668
4.005006 -0.649822
4.030038 -0.630596
4.055069 -0.610975
4.080100 -0.590994
4.105131 -0.570596
4.130163 -0.549864
4.155194 -0.528809
4.180225 -0.507380
4.205257 -0.485654
4.230288 -0.463643
4.255319 -0.441304
4.280350 -0.418707
4.305382 -0.395848
4.330413 -0.372756
4.355444 -0.349400
4.380476 -0.325840
4.405507 -0.302088
4.430538 -0.278123
4.455569 -0.253996
4.480601 -0.229710
4.505632 -0.205288
4.530663 -0.180720
4.555695 -0.156048
4.580726 -0.131283
4.605757 -0.106426
4.630788 -0.081507
4.655820 -0.056537
4.680851 -0.031533
4.705882 -0.006506
4.730914 0.018523
4.755945 0.043542
4.780976 0.068531
4.806008 0.093478
4.831039 0.118367
4.856070 0.143187
4.881101 0.167907
4.906133 0.192526
4.931164 0.217035
4.956195 0.241389
4.981227 0.265601
5.006258 0.289646
5.031289 0.313523
5.056320 0.337178
5.081352 0.360634
5.106383 0.383880
5.131414 0.406855
5.156446 0.429590
5.181477 0.452056
5.206508 0.474257
5.231539 0.496124
5.256571 0.517699
5.281602 0.538971
5.306633 0.559862
5.331665 0.580424
5.356696 0.600646
5.381727 0.620444
5.406758 0.639877
5.431790 0.658909
5.456821 0.677556
5.481852 0.695724
5.506884 0.713483
5.531915 0.730824
5.556946 0.747649
5.581977 0.764035
5.607009 0.779942
5.632040 0.795392
5.657071 0.810280
5.682103 0.824693
5.707134 0.838622
5.732165 0.851959
5.757196 0.864795
5.782228 0.877090
5.807259 0.888871
5.832290 0.900024
5.857322 0.910648
5.882353 0.920739
5.907384 0.930179
5.932416 0.939073
5.957447 0.947379
5.982478 0.955129
6.007509 0.962205
6.032541 0.968716
6.057572 0.974659
6.082603 0.979914
6.107635 0.984593
6.132666 0.988656
6.157697 0.992139
6.182728 0.994921
6.207760 0.997119
6.232791 0.998733
6.257822 0.999641
6.282854 0.999962
6.307885 0.999697
6.332916 0.998726
6.357947 0.997169
6.382979 0.994987
6.408010 0.992222
6.433041 0.988755
6.458073 0.984709
6.483104 0.980085
6.508135 0.974769
6.533166 0.968881
6.558198 0.962386
6.583229 0.955326
6.608260 0.947591
6.633292 0.939301
6.658323 0.930459
6.683354 0.920960
6.708385 0.910922
6.733417 0.900313
6.758448 0.889175
6.783479 0.877408
6.808511 0.865128
6.833542 0.852340
6.858573 0.838950
6.883605 0.825068
6.908636 0.810669
6.933667 0.795794
6.958698 0.780357
6.983730 0.764463
7.008761 0.748119
7.033792 0.731247
7.058824 0.713947
7.083855 0.696200
7.108886 0.678044
7.133917 0.659408
7.158949 0.640387
7.183980 0.620989
7.209011 0.601152
7.234043 0.580964
7.259074 0.560412
7.284105 0.539529
7.309136 0.518266
7.334168 0.496700
7.359199 0.474841
7.384230 0.452647
7.409262 0.430189
7.434293 0.407477
7.459324 0.384477
7.484355 0.361253
7.509387 0.337803
7.534418 0.314153
7.559449 0.290281
7.584481 0.266241
7.609512 0.242042
7.634543 0.217673
7.659574 0.193178
7.684606 0.168561
7.709637 0.143844
7.734668 0.119026
7.759700 0.094139
7.784731 0.069195
7.809762 0.044203
7.834793 0.019186
7.859825 -0.005843
7.884856 -0.030870
7.909887 -0.055875
7.934919 -0.080845
7.959950 -0.105770
7.984981 -0.130621
8.010013 -0.155393
8.035044 -0.180067
8.060075 -0.204638
8.085106 -0.229064
8.110138 -0.253354
8.135169 -0.277497
8.160200 -0.301444
8.185232 -0.325213
8.210263 -0.348778
8.235294 -0.372140
8.260325 -0.395239
8.285357 -0.418104
8.310388 -0.440726
8.335419 -0.463037
8.360451 -0.485074
8.385482 -0.506808
8.410513 -0.528245
8.435544 -0.549310
8.460576 -0.570051
8.485607 -0.590459
8.510638 -0.610449
8.535670 -0.630081
8.560701 -0.649344
8.585732 -0.668148
8.610763 -0.686559
8.635795 -0.704541
8.660826 -0.722109
8.685857 -0.739168
8.710889 -0.755792
8.735920 -0.771974
8.760951 -0.787611
8.785982 -0.802784
8.811014 -0.817455
8.836045 -0.831647
8.861076 -0.845251
8.886108 -0.858359
8.911139 -0.870964
8.936170 -0.882954
8.961202 -0.894425
8.986233 -0.905336
9.011264 -0.915717
9.036295 -0.925450
9.061327 -0.934640
9.086358 -0.943283
9.111389 -0.951259
9.136421 -0.958676
9.161452 -0.965493
9.186483 -0.971744
9.211514 -0.977309
9.236546 -0.982300
9.261577 -0.986715
9.286608 -0.990432
9.311640 -0.993569
9.336671 -0.996084
9.361702 -0.998014
9.386733 -0.999239
9.411765 -0.999878
9.436796 -0.999930
9.461827 -0.999276
9.486859 -0.998036
9.511890 -0.996210
9.536921 -0.993681
9.561952 -0.990569
9.586984 -0.986836
9.612015 -0.982525
9.637046 -0.977519
9.662078 -0.971940
9.687109 -0.965790
9.712140 -0.958959
9.737171 -0.951565
9.762203 -0.943575
9.787234 -0.935031
9.812265 -0.925826
9.837297 -0.916080
9.862328 -0.905795
9.887359 -0.894870
9.912390 -0.883421
9.937422 -0.871418
9.962453 -0.858904
9.987484 -0.845782
