-9.987484 0.013353
-9.962453 0.026171
-9.937422 0.038448
-9.912390 0.050174
-9.887359 0.061344
-9.862328 0.071949
-9.837297 0.081984
-9.812265 0.091442
-9.787234 0.100316
-9.762203 0.108603
-9.737171 0.116295
-9.712140 0.123389
-9.687109 0.129880
-9.662078 0.135764
-9.637046 0.141037
-9.612015 0.145696
-9.586984 0.149738
-9.561952 0.153161
-9.536921 0.155962
-9.511890 0.158139
-9.486859 0.159692
-9.461827 0.160619
-9.436796 0.160920
-9.411765 0.160594
-9.386733 0.159642
-9.361702 0.158065
-9.336671 0.155862
-9.311640 0.153036
-9.286608 0.149589
-9.261577 0.145522
-9.236546 0.140839
-9.211514 0.135541
-9.186483 0.129633
-9.161452 0.123118
-9.136421 0.116001
-9.111389 0.108284
-9.086358 0.099975
-9.061327 0.091077
-9.036295 0.081596
-9.011264 0.071538
-8.986233 0.060910
-8.961202 0.049719
-8.936170 0.037970
-8.911139 0.025672
-8.886108 0.012832
-8.861076 -0.000542
-8.836045 -0.014441
-8.811014 -0.028856
-8.785982 -0.043780
-8.760951 -0.059201
-8.735920 -0.075111
-8.710889 -0.091500
-8.685857 -0.108357
-8.660826 -0.125672
-8.635795 -0.143433
-8.610763 -0.161631
-8.585732 -0.180253
-8.560701 -0.199288
-8.535670 -0.218723
-8.510638 -0.238547
-8.485607 -0.258748
-8.460576 -0.279312
-8.435544 -0.300226
-8.410513 -0.321478
-8.385482 -0.343055
-8.360451 -0.364942
-8.335419 -0.387126
-8.310388 -0.409594
-8.285357 -0.432330
-8.260325 -0.455321
-8.235294 -0.478553
-8.210263 -0.502011
-8.185232 -0.525679
-8.160200 -0.549544
-8.135169 -0.573591
-8.110138 -0.597803
-8.085106 -0.622167
-8.060075 -0.646667
-8.035044 -0.671287
-8.010013 -0.696012
-7.984981 -0.720827
-7.959950 -0.745716
-7.934919 -0.770663
-7.909887 -0.795654
-7.884856 -0.820671
-7.859825 -0.845700
-7.834793 -0.870725
-7.809762 -0.895729
-7.784731 -0.920699
-7.759700 -0.945617
-7.734668 -0.970468
-7.709637 -0.995237
-7.684606 -1.019908
-7.659574 -1.044466
-7.634543 -1.068895
-7.609512 -1.093181
-7.584481 -1.117306
-7.559449 -1.141258
-7.534418 -1.165020
-7.509387 -1.188578
-7.484355 -1.211917
-7.459324 -1.235022
-7.434293 -1.257879
-7.409262 -1.280474
-7.384230 -1.302792
-7.359199 -1.324820
-7.334168 -1.346543
-7.309136 -1.367948
-7.284105 -1.389022
-7.259074 -1.409752
-7.234043 -1.430123
-7.209011 -1.450125
-7.183980 -1.469743
-7.158949 -1.488967
-7.133917 -1.507783
-7.108886 -1.526180
-7.083855 -1.544146
-7.058824 -1.561671
-7.033792 -1.578743
-7.008761 -1.595352
-6.983730 -1.611487
-6.958698 -1.627137
-6.933667 -1.642294
-6.908636 -1.656948
-6.883605 -1.671089
-6.858573 -1.684709
-6.833542 -1.697800
-6.808511 -1.710352
-6.783479 -1.722358
-6.758448 -1.733811
-6.733417 -1.744703
-6.708385 -1.755027
-6.683354 -1.764778
-6.658323 -1.773949
-6.633292 -1.782534
-6.608260 -1.790528
-6.583229 -1.797925
-6.558198 -1.804722
-6.533166 -1.810914
-6.508135 -1.816497
-6.483104 -1.821468
-6.458073 -1.825823
-6.433041 -1.829560
-6.408010 -1.832676
-6.382979 -1.835169
-6.357947 -1.837039
-6.332916 -1.838283
-6.307885 -1.838901
-6.282854 -1.838893
-6.257822 -1.838258
-6.232791 -1.836997
-6.207760 -1.835111
-6.182728 -1.832601
-6.157697 -1.829469
-6.132666 -1.825715
-6.107635 -1.821344
-6.082603 -1.816357
-6.057572 -1.810758
-6.032541 -1.804550
-6.007509 -1.797737
-5.982478 -1.790324
-5.957447 -1.782314
-5.932416 -1.773713
-5.907384 -1.764527
-5.882353 -1.754761
-5.857322 -1.744421
-5.832290 -1.733514
-5.807259 -1.722047
-5.782228 -1.710026
-5.757196 -1.697460
-5.732165 -1.684355
-5.707134 -1.670721
-5.682103 -1.656566
-5.657071 -1.641899
-5.632040 -1.626729
-5.607009 -1.611065
-5.581977 -1.594918
-5.556946 -1.578297
-5.531915 -1.561213
-5.506884 -1.543676
-5.481852 -1.525698
-5.456821 -1.507289
-5.431790 -1.488462
-5.406758 -1.469228
-5.381727 -1.449599
-5.356696 -1.429588
-5.331665 -1.409207
-5.306633 -1.388468
-5.281602 -1.367385
-5.256571 -1.345971
-5.231539 -1.324240
-5.206508 -1.302204
-5.181477 -1.279879
-5.156446 -1.257277
-5.131414 -1.234413
-5.106383 -1.211301
-5.081352 -1.187956
-5.056320 -1.164393
-5.031289 -1.140625
-5.006258 -1.116669
-4.981227 -1.092539
-4.956195 -1.068250
-4.931164 -1.043817
-4.906133 -1.019256
-4.881101 -0.994582
-4.856070 -0.969811
-4.831039 -0.944957
-4.806008 -0.920037
-4.780976 -0.895067
-4.755945 -0.870061
-4.730914 -0.845036
-4.705882 -0.820008
-4.680851 -0.794991
-4.655820 -0.770001
-4.630788 -0.745055
-4.605757 -0.720168
-4.580726 -0.695356
-4.555695 -0.670633
-4.530663 -0.646016
-4.505632 -0.621519
-4.480601 -0.597159
-4.455569 -0.572951
-4.430538 -0.548909
-4.405507 -0.525049
-4.380476 -0.501386
-4.355444 -0.477934
-4.330413 -0.454709
-4.305382 -0.431724
-4.280350 -0.408995
-4.255319 -0.386535
-4.230288 -0.364358
-4.205257 -0.342479
-4.180225 -0.320911
-4.155194 -0.299667
-4.130163 -0.278762
-4.105131 -0.258207
-4.080100 -0.238017
-4.055069 -0.218203
-4.030038 -0.198778
-4.005006 -0.179754
-3.979975 -0.161143
-3.954944 -0.142957
-3.929912 -0.125207
-3.904881 -0.107904
-3.879850 -0.091059
-3.854819 -0.074683
-3.829787 -0.058786
-3.804756 -0.043378
-3.779725 -0.028468
-3.754693 -0.014066
-3.729662 -0.000181
-3.704631 0.013179
-3.679599 0.026005
-3.654568 0.038288
-3.629537 0.050022
-3.604506 0.061199
-3.579474 0.071812
-3.554443 0.081855
-3.529412 0.091320
-3.504380 0.100203
-3.479349 0.108497
-3.454318 0.116197
-3.429287 0.123299
-3.404255 0.129798
-3.379224 0.135690
-3.354193 0.140971
-3.329161 0.145638
-3.304130 0.149688
-3.279099 0.153119
-3.254068 0.155929
-3.229036 0.158114
-3.204005 0.159676
-3.178974 0.160611
-3.153942 0.160920
-3.128911 0.160603
-3.103880 0.159659
-3.078849 0.158090
-3.053817 0.155895
-3.028786 0.153078
-3.003755 0.149639
-2.978723 0.145580
-2.953692 0.140905
-2.928661 0.135616
-2.903630 0.129716
-2.878598 0.123209
-2.853567 0.116099
-2.828536 0.108391
-2.803504 0.100089
-2.778473 0.091198
-2.753442 0.081725
-2.728411 0.071676
-2.703379 0.061055
-2.678348 0.049871
-2.653317 0.038129
-2.628285 0.025838
-2.603254 0.013005
-2.578223 -0.000361
-2.553191 -0.014253
-2.528160 -0.028662
-2.503129 -0.043579
-2.478098 -0.058993
-2.453066 -0.074897
-2.428035 -0.091279
-2.403004 -0.108130
-2.377972 -0.125439
-2.352941 -0.143195
-2.327910 -0.161387
-2.302879 -0.180003
-2.277847 -0.199033
-2.252816 -0.218463
-2.227785 -0.238282
-2.202753 -0.258478
-2.177722 -0.279037
-2.152691 -0.299947
-2.127660 -0.321195
-2.102628 -0.342767
-2.077597 -0.364650
-2.052566 -0.386831
-2.027534 -0.409294
-2.002503 -0.432027
-1.977472 -0.455015
-1.952441 -0.478244
-1.927409 -0.501698
-1.902378 -0.525364
-1.877347 -0.549227
-1.852315 -0.573271
-1.827284 -0.597481
-1.802253 -0.621843
-1.777222 -0.646341
-1.752190 -0.670960
-1.727159 -0.695684
-1.702128 -0.720498
-1.677096 -0.745386
-1.652065 -0.770332
-1.627034 -0.795322
-1.602003 -0.820339
-1.576971 -0.845368
-1.551940 -0.870393
-1.526909 -0.895398
-1.501877 -0.920368
-1.476846 -0.945287
-1.451815 -0.970139
-1.426783 -0.994910
-1.401752 -1.019582
-1.376721 -1.044142
-1.351690 -1.068573
-1.326658 -1.092860
-1.301627 -1.116988
-1.276596 -1.140942
-1.251564 -1.164706
-1.226533 -1.188267
-1.201502 -1.211609
-1.176471 -1.234718
-1.151439 -1.257578
-1.126408 -1.280176
-1.101377 -1.302498
-1.076345 -1.324530
-1.051314 -1.346257
-1.026283 -1.367667
-1.001252 -1.388745
-0.976220 -1.409479
-0.951189 -1.429856
-0.926158 -1.449862
-0.901126 -1.469486
-0.876095 -1.488714
-0.851064 -1.507536
-0.826033 -1.525939
-0.801001 -1.543911
-0.775970 -1.561442
-0.750939 -1.578520
-0.725907 -1.595135
-0.700876 -1.611276
-0.675845 -1.626933
-0.650814 -1.642097
-0.625782 -1.656757
-0.600751 -1.670905
-0.575720 -1.684532
-0.550688 -1.697630
-0.525657 -1.710189
-0.500626 -1.722202
-0.475594 -1.733662
-0.450563 -1.744562
-0.425532 -1.754894
-0.400501 -1.764653
-0.375469 -1.773831
-0.350438 -1.782424
-0.325407 -1.790426
-0.300375 -1.797831
-0.275344 -1.804636
-0.250313 -1.810836
-0.225282 -1.816427
-0.200250 -1.821406
-0.175219 -1.825769
-0.150188 -1.829514
-0.125156 -1.832639
-0.100125 -1.835140
-0.075094 -1.837018
-0.050063 -1.838271
-0.025031 -1.838897
-0.000000 -1.838897
0.025031 -1.838271
0.050063 -1.837018
0.075094 -1.835140
0.100125 -1.832639
0.125156 -1.829514
0.150188 -1.825769
0.175219 -1.821406
0.200250 -1.816427
0.225282 -1.810836
0.250313 -1.804636
0.275344 -1.797831
0.300375 -1.790426
0.325407 -1.782424
0.350438 -1.773831
0.375469 -1.764653
0.400501 -1.754894
0.425532 -1.744562
0.450563 -1.733662
0.475594 -1.722202
0.500626 -1.710189
0.525657 -1.697630
0.550688 -1.684532
0.575720 -1.670905
0.600751 -1.656757
0.625782 -1.642097
0.650814 -1.626933
0.675845 -1.611276
0.700876 -1.595135
0.725907 -1.578520
0.750939 -1.561442
0.775970 -1.543911
0.801001 -1.525939
0.826033 -1.507536
0.851064 -1.488714
0.876095 -1.469486
0.901126 -1.449862
0.926158 -1.429856
0.951189 -1.409479
0.976220 -1.388745
1.001252 -1.367667
1.026283 -1.346257
1.051314 -1.324530
1.076345 -1.302498
1.101377 -1.280176
1.126408 -1.257578
1.151439 -1.234718
1.176471 -1.211609
1.201502 -1.188267
1.226533 -1.164706
1.251564 -1.140942
1.276596 -1.116988
1.301627 -1.092860
1.326658 -1.068573
1.351690 -1.044142
1.376721 -1.019582
1.401752 -0.994910
1.426783 -0.970139
1.451815 -0.945287
1.476846 -0.920368
1.501877 -0.895398
1.526909 -0.870393
1.551940 -0.845368
1.576971 -0.820339
1.602003 -0.795322
1.627034 -0.770332
1.652065 -0.745386
1.677096 -0.720498
1.702128 -0.695684
1.727159 -0.670960
1.752190 -0.646341
1.777222 -0.621843
1.802253 -0.597481
1.827284 -0.573271
1.852315 -0.549227
1.877347 -0.525364
1.902378 -0.501698
1.927409 -0.478244
1.952441 -0.455015
1.977472 -0.432027
2.002503 -0.409294
2.027534 -0.386831
2.052566 -0.364650
2.077597 -0.342767
2.102628 -0.321195
2.127660 -0.299947
2.152691 -0.279037
2.177722 -0.258478
2.202753 -0.238282
2.227785 -0.218463
2.252816 -0.199033
2.277847 -0.180003
2.302879 -0.161387
2.327910 -0.143195
2.352941 -0.125439
2.377972 -0.108130
2.403004 -0.091279
2.428035 -0.074897
2.453066 -0.058993
2.478098 -0.043579
2.503129 -0.028662
2.528160 -0.014253
2.553191 -0.000361
2.578223 0.013005
2.603254 0.025838
2.628285 0.038129
2.653317 0.049871
2.678348 0.061055
2.703379 0.071676
2.728411 0.081725
2.753442 0.091198
2.778473 0.100089
2.803504 0.108391
2.828536 0.116099
2.853567 0.123209
2.878598 0.129716
2.903630 0.135616
2.928661 0.140905
2.953692 0.145580
2.978723 0.149639
3.003755 0.153078
3.028786 0.155895
3.053817 0.158090
3.078849 0.159659
3.103880 0.160603
3.128911 0.160920
3.153942 0.160611
3.178974 0.159676
3.204005 0.158114
3.229036 0.155929
3.254068 0.153119
3.279099 0.149688
3.304130 0.145638
3.329161 0.140971
3.354193 0.135690
3.379224 0.129798
3.404255 0.123299
3.429287 0.116197
3.454318 0.108497
3.479349 0.100203
3.504380 0.091320
3.529412 0.081855
3.554443 0.071812
3.579474 0.061199
3.604506 0.050022
3.629537 0.038288
3.654568 0.026005
3.679599 0.013179
3.704631 -0.000181
3.729662 -0.014066
3.754693 -0.028468
3.779725 -0.043378
3.804756 -0.058786
3.829787 -0.074683
3.854819 -0.091059
3.879850 -0.107904
3.904881 -0.125207
3.929912 -0.142957
3.954944 -0.161143
3.979975 -0.179754
4.005006 -0.198778
4.030038 -0.218203
4.055069 -0.238017
4.080100 -0.258207
4.105131 -0.278762
4.130163 -0.299667
4.155194 -0.320911
4.180225 -0.342479
4.205257 -0.364358
4.230288 -0.386535
4.255319 -0.408995
4.280350 -0.431724
4.305382 -0.454709
4.330413 -0.477934
4.355444 -0.501386
4.380476 -0.525049
4.405507 -0.548909
4.430538 -0.572951
4.455569 -0.597159
4.480601 -0.621519
4.505632 -0.646016
4.530663 -0.670633
4.555695 -0.695356
4.580726 -0.720168
4.605757 -0.745055
4.630788 -0.770001
4.655820 -0.794991
4.680851 -0.820008
4.705882 -0.845036
4.730914 -0.870061
4.755945 -0.895067
4.780976 -0.920037
4.806008 -0.944957
4.831039 -0.969811
4.856070 -0.994582
4.881101 -1.019256
4.906133 -1.043817
4.931164 -1.068250
4.956195 -1.092539
4.981227 -1.116669
5.006258 -1.140625
5.031289 -1.164393
5.056320 -1.187956
5.081352 -1.211301
5.106383 -1.234413
5.131414 -1.257277
5.156446 -1.279879
5.181477 -1.302204
5.206508 -1.324240
5.231539 -1.345971
5.256571 -1.367385
5.281602 -1.388468
5.306633 -1.409207
5.331665 -1.429588
5.356696 -1.449599
5.381727 -1.469228
5.406758 -1.488462
5.431790 -1.507289
5.456821 -1.525698
5.481852 -1.543676
5.506884 -1.561213
5.531915 -1.578297
5.556946 -1.594918
5.581977 -1.611065
5.607009 -1.626729
5.632040 -1.641899
5.657071 -1.656566
5.682103 -1.670721
5.707134 -1.684355
5.732165 -1.697460
5.757196 -1.710026
5.782228 -1.722047
5.807259 -1.733514
5.832290 -1.744421
5.857322 -1.754761
5.882353 -1.764527
5.907384 -1.773713
5.932416 -1.782314
5.957447 -1.790324
5.982478 -1.797737
6.007509 -1.804550
6.032541 -1.810758
6.057572 -1.816357
6.082603 -1.821344
6.107635 -1.825715
6.132666 -1.829469
6.157697 -1.832601
6.182728 -1.835111
6.207760 -1.836997
6.232791 -1.838258
6.257822 -1.838893
6.282854 -1.838901
6.307885 -1.838283
6.332916 -1.837039
6.357947 -1.835169
6.382979 -1.832676
6.408010 -1.829560
6.433041 -1.825823
6.458073 -1.821468
6.483104 -1.816497
6.508135 -1.810914
6.533166 -1.804722
6.558198 -1.797925
6.583229 -1.790528
6.608260 -1.782534
6.633292 -1.773949
6.658323 -1.764778
6.683354 -1.755027
6.708385 -1.744703
6.733417 -1.733811
6.758448 -1.722358
6.783479 -1.710352
6.808511 -1.697800
6.833542 -1.684709
6.858573 -1.671089
6.883605 -1.656948
6.908636 -1.642294
6.933667 -1.627137
6.958698 -1.611487
6.983730 -1.595352
7.008761 -1.578743
7.033792 -1.561671
7.058824 -1.544146
7.083855 -1.526180
7.108886 -1.507783
7.133917 -1.488967
7.158949 -1.469743
7.183980 -1.450125
7.209011 -1.430123
7.234043 -1.409752
7.259074 -1.389022
7.284105 -1.367948
7.309136 -1.346543
7.334168 -1.324820
7.359199 -1.302792
7.384230 -1.280474
7.409262 -1.257879
7.434293 -1.235022
7.459324 -1.211917
7.484355 -1.188578
7.509387 -1.165020
7.534418 -1.141258
7.559449 -1.117306
7.584481 -1.093181
7.609512 -1.068895
7.634543 -1.044466
7.659574 -1.019908
7.684606 -0.995237
7.709637 -0.970468
7.734668 -0.945617
7.759700 -0.920699
7.784731 -0.895729
7.809762 -0.870725
7.834793 -0.845700
7.859825 -0.820671
7.884856 -0.795654
7.909887 -0.770663
7.934919 -0.745716
7.959950 -0.720827
7.984981 -0.696012
8.010013 -0.671287
8.035044 -0.646667
8.060075 -0.622167
8.085106 -0.597803
8.110138 -0.573591
8.135169 -0.549544
8.160200 -0.525679
8.185232 -0.502011
8.210263 -0.478553
8.235294 -0.455321
8.260325 -0.432330
8.285357 -0.409594
8.310388 -0.387126
8.335419 -0.364942
8.360451 -0.343055
8.385482 -0.321478
8.410513 -0.300226
8.435544 -0.279312
8.460576 -0.258748
8.485607 -0.238547
8.510638 -0.218723
8.535670 -0.199288
8.560701 -0.180253
8.585732 -0.161631
8.610763 -0.143433
8.635795 -0.125672
8.660826 -0.108357
8.685857 -0.091500
8.710889 -0.075111
8.735920 -0.059201
8.760951 -0.043780
8.785982 -0.028856
8.811014 -0.014441
8.836045 -0.000542
8.861076 0.012832
8.886108 0.025672
8.911139 0.037970
8.936170 0.049719
8.961202 0.060910
8.986233 0.071538
9.011264 0.081596
9.036295 0.091077
9.061327 0.099975
9.086358 0.108284
9.111389 0.116001
9.136421 0.123118
9.161452 0.129633
9.186483 0.135541
9.211514 0.140839
9.236546 0.145522
9.261577 0.149589
9.286608 0.153036
9.311640 0.155862
9.336671 0.158065
9.361702 0.159642
9.386733 0.160594
9.411765 0.160920
9.436796 0.160619
9.461827 0.159692
9.486859 0.158139
9.511890 0.155962
9.536921 0.153161
9.561952 0.149738
9.586984 0.145696
9.612015 0.141037
9.637046 0.135764
9.662078 0.129880
9.687109 0.123389
9.712140 0.116295
9.737171 0.108603
9.762203 0.100316
9.787234 0.091442
9.812265 0.081984
9.837297 0.071949
9.862328 0.061344
9.887359 0.050174
9.912390 0.038448
9.937422 0.026171
9.962453 0.013353
9.987484 0.000000
