-10.000000 0.544021
-9.974969 0.522850
-9.949937 0.501351
-9.924906 0.479538
-9.899875 0.457425
-9.874844 0.435025
-9.849812 0.412352
-9.824781 0.389421
-9.799750 0.366247
-9.774718 0.342841
-9.749687 0.319223
-9.724656 0.295404
-9.699625 0.271400
-9.674593 0.247225
-9.649562 0.222896
-9.624531 0.198427
-9.599499 0.173833
-9.574468 0.149132
-9.549437 0.124336
-9.524406 0.099463
-9.499374 0.074527
-9.474343 0.049545
-9.449312 0.024532
-9.424280 -0.000498
-9.399249 -0.025526
-9.374218 -0.050538
-9.349186 -0.075520
-9.324155 -0.100453
-9.299124 -0.125324
-9.274093 -0.150115
-9.249061 -0.174814
-9.224030 -0.199402
-9.198999 -0.223866
-9.173967 -0.248190
-9.148936 -0.272357
-9.123905 -0.296354
-9.098874 -0.320165
-9.073842 -0.343777
-9.048811 -0.367172
-9.023780 -0.390337
-8.998748 -0.413259
-8.973717 -0.435921
-8.948686 -0.458309
-8.923655 -0.480411
-8.898623 -0.502212
-8.873592 -0.523698
-8.848561 -0.544856
-8.823529 -0.565673
-8.798498 -0.586135
-8.773467 -0.606230
-8.748436 -0.625944
-8.723404 -0.645268
-8.698373 -0.664186
-8.673342 -0.682689
-8.648310 -0.700764
-8.623279 -0.718400
-8.598248 -0.735585
-8.573217 -0.752310
-8.548185 -0.768564
-8.523154 -0.784335
-8.498123 -0.799616
-8.473091 -0.814396
-8.448060 -0.828665
-8.423029 -0.842415
-8.397997 -0.855637
-8.372966 -0.868323
-8.347935 -0.880465
-8.322904 -0.892056
-8.297872 -0.903088
-8.272841 -0.913553
-8.247810 -0.923447
-8.222778 -0.932762
-8.197747 -0.941492
-8.172716 -0.949633
-8.147685 -0.957178
-8.122653 -0.964124
-8.097622 -0.970466
-8.072591 -0.976200
-8.047559 -0.981322
-8.022528 -0.985830
-7.997497 -0.989719
-7.972466 -0.992989
-7.947434 -0.995637
-7.922403 -0.997660
-7.897372 -0.999059
-7.872340 -0.999831
-7.847309 -0.999978
-7.822278 -0.999497
-7.797247 -0.998391
-7.772215 -0.996659
-7.747184 -0.994303
-7.722153 -0.991323
-7.697121 -0.987723
-7.672090 -0.983503
-7.647059 -0.978668
-7.622028 -0.973219
-7.596996 -0.967161
-7.571965 -0.960496
-7.546934 -0.953230
-7.521902 -0.945366
-7.496871 -0.936911
-7.471840 -0.927868
-7.446809 -0.918244
-7.421777 -0.908044
-7.396746 -0.897276
-7.371715 -0.885946
-7.346683 -0.874060
-7.321652 -0.861627
-7.296621 -0.848654
-7.271589 -0.835149
-7.246558 -0.821121
-7.221527 -0.806579
-7.196496 -0.791531
-7.171464 -0.775987
-7.146433 -0.759957
-7.121402 -0.743452
-7.096370 -0.726479
-7.071339 -0.709053
-7.046308 -0.691182
-7.021277 -0.672877
-6.996245 -0.654151
-6.971214 -0.635016
-6.946183 -0.615482
-6.921151 -0.595562
-6.896120 -0.575270
-6.871089 -0.554618
-6.846058 -0.533618
-6.821026 -0.512283
-6.795995 -0.490627
-6.770964 -0.468665
-6.745932 -0.446408
-6.720901 -0.423872
-6.695870 -0.401070
-6.670839 -0.378017
-6.645807 -0.354727
-6.620776 -0.331215
-6.595745 -0.307495
-6.570713 -0.283582
-6.545682 -0.259493
-6.520651 -0.235240
-6.495620 -0.210840
-6.470588 -0.186308
-6.445557 -0.161659
-6.420526 -0.136909
-6.395494 -0.112073
-6.370463 -0.087167
-6.345432 -0.062207
-6.320401 -0.037207
-6.295369 -0.012183
-6.270338 0.012847
-6.245307 0.037869
-6.220275 0.062869
-6.195244 0.087828
-6.170213 0.112732
-6.145181 0.137567
-6.120150 0.162314
-6.095119 0.186960
-6.070088 0.211488
-6.045056 0.235885
-6.020025 0.260133
-5.994994 0.284219
-5.969962 0.308127
-5.944931 0.331841
-5.919900 0.355347
-5.894869 0.378631
-5.869837 0.401678
-5.844806 0.424473
-5.819775 0.447001
-5.794743 0.469251
-5.769712 0.491206
-5.744681 0.512853
-5.719650 0.534178
-5.694618 0.555170
-5.669587 0.575813
-5.644556 0.596095
-5.619524 0.616005
-5.594493 0.635528
-5.569462 0.654653
-5.544431 0.673367
-5.519399 0.691661
-5.494368 0.709520
-5.469337 0.726935
-5.444305 0.743895
-5.419274 0.760389
-5.394243 0.776406
-5.369212 0.791936
-5.344180 0.806971
-5.319149 0.821500
-5.294118 0.835514
-5.269086 0.849005
-5.244055 0.861964
-5.219024 0.874382
-5.193992 0.886254
-5.168961 0.897569
-5.143930 0.908322
-5.118899 0.918506
-5.093867 0.928115
-5.068836 0.937143
-5.043805 0.945583
-5.018773 0.953430
-4.993742 0.960681
-4.968711 0.967329
-4.943680 0.973371
-4.918648 0.978804
-4.893617 0.983623
-4.868586 0.987826
-4.843554 0.991410
-4.818523 0.994373
-4.793492 0.996713
-4.768461 0.998428
-4.743429 0.999518
-4.718398 0.999982
-4.693367 0.999819
-4.668335 0.999030
-4.643304 0.997615
-4.618273 0.995574
-4.593242 0.992910
-4.568210 0.989624
-4.543179 0.985718
-4.518148 0.981194
-4.493116 0.976056
-4.468085 0.970306
-4.443054 0.963948
-4.418023 0.956986
-4.392991 0.949425
-4.367960 0.941268
-4.342929 0.932522
-4.317897 0.923192
-4.292866 0.913283
-4.267835 0.902803
-4.242804 0.891756
-4.217772 0.880151
-4.192741 0.867994
-4.167710 0.855294
-4.142678 0.842057
-4.117647 0.828293
-4.092616 0.814010
-4.067584 0.799217
-4.042553 0.783924
-4.017522 0.768139
-3.992491 0.751873
-3.967459 0.735135
-3.942428 0.717938
-3.917397 0.700290
-3.892365 0.682204
-3.867334 0.663690
-3.842303 0.644761
-3.817272 0.625428
-3.792240 0.605702
-3.767209 0.585597
-3.742178 0.565125
-3.717146 0.544299
-3.692115 0.523132
-3.667084 0.501638
-3.642053 0.479829
-3.617021 0.457719
-3.591990 0.435323
-3.566959 0.412655
-3.541927 0.389726
-3.516896 0.366555
-3.491865 0.343154
-3.466834 0.319537
-3.441802 0.295720
-3.416771 0.271719
-3.391740 0.247547
-3.366708 0.223219
-3.341677 0.198752
-3.316646 0.174161
-3.291615 0.149460
-3.266583 0.124665
-3.241552 0.099793
-3.216521 0.074858
-3.191489 0.049876
-3.166458 0.024863
-3.141427 -0.000166
-3.116395 -0.025195
-3.091364 -0.050208
-3.066333 -0.075189
-3.041302 -0.100123
-3.016270 -0.124995
-2.991239 -0.149788
-2.966208 -0.174487
-2.941176 -0.199078
-2.916145 -0.223543
-2.891114 -0.247868
-2.866083 -0.272037
-2.841051 -0.296038
-2.816020 -0.319851
-2.790989 -0.343465
-2.765957 -0.366864
-2.740926 -0.390032
-2.715895 -0.412956
-2.690864 -0.435622
-2.665832 -0.458015
-2.640801 -0.480120
-2.615770 -0.501925
-2.590738 -0.523416
-2.565707 -0.544578
-2.540676 -0.565399
-2.515645 -0.585866
-2.490613 -0.605966
-2.465582 -0.625686
-2.440551 -0.645014
-2.415519 -0.663939
-2.390488 -0.682447
-2.365457 -0.700527
-2.340426 -0.718168
-2.315394 -0.735361
-2.290363 -0.752091
-2.265332 -0.768351
-2.240300 -0.784130
-2.215269 -0.799417
-2.190238 -0.814203
-2.165207 -0.828479
-2.140175 -0.842236
-2.115144 -0.855465
-2.090113 -0.868159
-2.065081 -0.880308
-2.040050 -0.891906
-2.015019 -0.902945
-1.989987 -0.913419
-1.964956 -0.923320
-1.939925 -0.932642
-1.914894 -0.941380
-1.889862 -0.949529
-1.864831 -0.957082
-1.839800 -0.964036
-1.814768 -0.970386
-1.789737 -0.976128
-1.764706 -0.981258
-1.739675 -0.985774
-1.714643 -0.989672
-1.689612 -0.992950
-1.664581 -0.995605
-1.639549 -0.997637
-1.614518 -0.999044
-1.589487 -0.999825
-1.564456 -0.999980
-1.539424 -0.999508
-1.514393 -0.998410
-1.489362 -0.996686
-1.464330 -0.994338
-1.439299 -0.991367
-1.414268 -0.987774
-1.389237 -0.983563
-1.364205 -0.978736
-1.339174 -0.973295
-1.314143 -0.967245
-1.289111 -0.960588
-1.264080 -0.953330
-1.239049 -0.945475
-1.214018 -0.937027
-1.188986 -0.927992
-1.163955 -0.918375
-1.138924 -0.908184
-1.113892 -0.897423
-1.088861 -0.886100
-1.063830 -0.874221
-1.038798 -0.861795
-1.013767 -0.848829
-0.988736 -0.835332
-0.963705 -0.821311
-0.938673 -0.806775
-0.913642 -0.791734
-0.888611 -0.776197
-0.863579 -0.760173
-0.838548 -0.743673
-0.813517 -0.726708
-0.788486 -0.709287
-0.763454 -0.691421
-0.738423 -0.673123
-0.713392 -0.654402
-0.688360 -0.635271
-0.663329 -0.615743
-0.638298 -0.595829
-0.613267 -0.575542
-0.588235 -0.554894
-0.563204 -0.533898
-0.538173 -0.512568
-0.513141 -0.490916
-0.488110 -0.468957
-0.463079 -0.446705
-0.438048 -0.424173
-0.413016 -0.401374
-0.387985 -0.378324
-0.362954 -0.355037
-0.337922 -0.331527
-0.312891 -0.307811
-0.287860 -0.283901
-0.262829 -0.259813
-0.237797 -0.235562
-0.212766 -0.211164
-0.187735 -0.186634
-0.162703 -0.161986
-0.137672 -0.137238
-0.112641 -0.112403
-0.087610 -0.087498
-0.062578 -0.062537
-0.037547 -0.037538
-0.012516 -0.012516
0.012516 0.012516
0.037547 0.037538
0.062578 0.062537
0.087610 0.087498
0.112641 0.112403
0.137672 0.137238
0.162703 0.161986
0.187735 0.186634
0.212766 0.211164
0.237797 0.235562
0.262829 0.259813
0.287860 0.283901
0.312891 0.307811
0.337922 0.331527
0.362954 0.355037
0.387985 0.378324
0.413016 0.401374
0.438048 0.424173
0.463079 0.446705
0.488110 0.468957
0.513141 0.490916
0.538173 0.512568
0.563204 0.533898
0.588235 0.554894
0.613267 0.575542
0.638298 0.595829
0.663329 0.615743
0.688360 0.635271
0.713392 0.654402
0.738423 0.673123
0.763454 0.691421
0.788486 0.709287
0.813517 0.726708
0.838548 0.743673
0.863579 0.760173
0.888611 0.776197
0.913642 0.791734
0.938673 0.806775
0.963705 0.821311
0.988736 0.835332
1.013767 0.848829
1.038798 0.861795
1.063830 0.874221
1.088861 0.886100
1.113892 0.897423
1.138924 0.908184
1.163955 0.918375
1.188986 0.927992
1.214018 0.937027
1.239049 0.945475
1.264080 0.953330
1.289111 0.960588
1.314143 0.967245
1.339174 0.973295
1.364205 0.978736
1.389237 0.983563
1.414268 0.987774
1.439299 0.991367
1.464330 0.994338
1.489362 0.996686
1.514393 0.998410
1.539424 0.999508
1.564456 0.999980
1.589487 0.999825
1.614518 0.999044
1.639549 0.997637
1.664581 0.995605
1.689612 0.992950
1.714643 0.989672
1.739675 0.985774
1.764706 0.981258
1.789737 0.976128
1.814768 0.970386
1.839800 0.964036
1.864831 0.957082
1.889862 0.949529
1.914894 0.941380
1.939925 0.932642
1.964956 0.923320
1.989987 0.913419
2.015019 0.902945
2.040050 0.891906
2.065081 0.880308
2.090113 0.868159
2.115144 0.855465
2.140175 0.842236
2.165207 0.828479
2.190238 0.814203
2.215269 0.799417
2.240300 0.784130
2.265332 0.768351
2.290363 0.752091
2.315394 0.735361
2.340426 0.718168
2.365457 0.700527
2.390488 0.682447
2.415519 0.663939
2.440551 0.645014
2.465582 0.625686
2.490613 0.605966
2.515645 0.585866
2.540676 0.565399
2.565707 0.544578
2.590738 0.523416
2.615770 0.501925
2.640801 0.480120
2.665832 0.458015
2.690864 0.435622
2.715895 0.412956
2.740926 0.390032
2.765957 0.366864
2.790989 0.343465
2.816020 0.319851
2.841051 0.296038
2.866083 0.272037
2.891114 0.247868
2.916145 0.223543
2.941176 0.199078
2.966208 0.174487
2.991239 0.149788
3.016270 0.124995
3.041302 0.100123
3.066333 0.075189
3.091364 0.050208
3.116395 0.025195
3.141427 0.000166
3.166458 -0.024863
3.191489 -0.049876
3.216521 -0.074858
3.241552 -0.099793
3.266583 -0.124665
3.291615 -0.149460
3.316646 -0.174161
3.341677 -0.198752
3.366708 -0.223219
3.391740 -0.247547
3.416771 -0.271719
3.441802 -0.295720
3.466834 -0.319537
3.491865 -0.343154
3.516896 -0.366555
3.541927 -0.389726
3.566959 -0.412655
3.591990 -0.435323
3.617021 -0.457719
3.642053 -0.479829
3.667084 -0.501638
3.692115 -0.523132
3.717146 -0.544299
3.742178 -0.565125
3.767209 -0.585597
3.792240 -0.605702
3.817272 -0.625428
3.842303 -0.644761
3.867334 -0.663690
3.892365 -0.682204
3.917397 -0.700290
3.942428 -0.717938
3.967459 -0.735135
3.992491 -0.751873
4.017522 -0.768139
4.042553 -0.783924
4.067584 -0.799217
4.092616 -0.814010
4.117647 -0.828293
4.142678 -0.842057
4.167710 -0.855294
4.192741 -0.867994
4.217772 -0.880151
4.242804 -0.891756
4.267835 -0.902803
4.292866 -0.913283
4.317897 -0.923192
4.342929 -0.932522
4.367960 -0.941268
4.392991 -0.949425
4.418023 -0.956986
4.443054 -0.963948
4.468085 -0.970306
4.493116 -0.976056
4.518148 -0.981194
4.543179 -0.985718
4.568210 -0.989624
4.593242 -0.992910
4.618273 -0.995574
4.643304 -0.997615
4.668335 -0.999030
4.693367 -0.999819
4.718398 -0.999982
4.743429 -0.999518
4.768461 -0.998428
4.793492 -0.996713
4.818523 -0.994373
4.843554 -0.991410
4.868586 -0.987826
4.893617 -0.983623
4.918648 -0.978804
4.943680 -0.973371
4.968711 -0.967329
4.993742 -0.960681
5.018773 -0.953430
5.043805 -0.945583
5.068836 -0.937143
5.093867 -0.928115
5.118899 -0.918506
5.143930 -0.908322
5.168961 -0.897569
5.193992 -0.886254
5.219024 -0.874382
5.244055 -0.861964
5.269086 -0.849005
5.294118 -0.835514
5.319149 -0.821500
5.344180 -0.806971
5.369212 -0.791936
5.394243 -0.776406
5.419274 -0.760389
5.444305 -0.743895
5.469337 -0.726935
5.494368 -0.709520
5.519399 -0.691661
5.544431 -0.673367
5.569462 -0.654653
5.594493 -0.635528
5.619524 -0.616005
5.644556 -0.596095
5.669587 -0.575813
5.694618 -0.555170
5.719650 -0.534178
5.744681 -0.512853
5.769712 -0.491206
5.794743 -0.469251
5.819775 -0.447001
5.844806 -0.424473
5.869837 -0.401678
5.894869 -0.378631
5.919900 -0.355347
5.944931 -0.331841
5.969962 -0.308127
5.994994 -0.284219
6.020025 -0.260133
6.045056 -0.235885
6.070088 -0.211488
6.095119 -0.186960
6.120150 -0.162314
6.145181 -0.137567
6.170213 -0.112732
6.195244 -0.087828
6.220275 -0.062869
6.245307 -0.037869
6.270338 -0.012847
6.295369 0.012183
6.320401 0.037207
6.345432 0.062207
6.370463 0.087167
6.395494 0.112073
6.420526 0.136909
6.445557 0.161659
6.470588 0.186308
6.495620 0.210840
6.520651 0.235240
6.545682 0.259493
6.570713 0.283582
6.595745 0.307495
6.620776 0.331215
6.645807 0.354727
6.670839 0.378017
6.695870 0.401070
6.720901 0.423872
6.745932 0.446408
6.770964 0.468665
6.795995 0.490627
6.821026 0.512283
6.846058 0.533618
6.871089 0.554618
6.896120 0.575270
6.921151 0.595562
6.946183 0.615482
6.971214 0.635016
6.996245 0.654151
7.021277 0.672877
7.046308 0.691182
7.071339 0.709053
7.096370 0.726479
7.121402 0.743452
7.146433 0.759957
7.171464 0.775987
7.196496 0.791531
7.221527 0.806579
7.246558 0.821121
7.271589 0.835149
7.296621 0.848654
7.321652 0.861627
7.346683 0.874060
7.371715 0.885946
7.396746 0.897276
7.421777 0.908044
7.446809 0.918244
7.471840 0.927868
7.496871 0.936911
7.521902 0.945366
7.546934 0.953230
7.571965 0.960496
7.596996 0.967161
7.622028 0.973219
7.647059 0.978668
7.672090 0.983503
7.697121 0.987723
7.722153 0.991323
7.747184 0.994303
7.772215 0.996659
7.797247 0.998391
7.822278 0.999497
7.847309 0.999978
7.872340 0.999831
7.897372 0.999059
7.922403 0.997660
7.947434 0.995637
7.972466 0.992989
7.997497 0.989719
8.022528 0.985830
8.047559 0.981322
8.072591 0.976200
8.097622 0.970466
8.122653 0.964124
8.147685 0.957178
8.172716 0.949633
8.197747 0.941492
8.222778 0.932762
8.247810 0.923447
8.272841 0.913553
8.297872 0.903088
8.322904 0.892056
8.347935 0.880465
8.372966 0.868323
8.397997 0.855637
8.423029 0.842415
8.448060 0.828665
8.473091 0.814396
8.498123 0.799616
8.523154 0.784335
8.548185 0.768564
8.573217 0.752310
8.598248 0.735585
8.623279 0.718400
8.648310 0.700764
8.673342 0.682689
8.698373 0.664186
8.723404 0.645268
8.748436 0.625944
8.773467 0.606230
8.798498 0.586135
8.823529 0.565673
8.848561 0.544856
8.873592 0.523698
8.898623 0.502212
8.923655 0.480411
8.948686 0.458309
8.973717 0.435921
8.998748 0.413259
9.023780 0.390337
9.048811 0.367172
9.073842 0.343777
9.098874 0.320165
9.123905 0.296354
9.148936 0.272357
9.173967 0.248190
9.198999 0.223866
9.224030 0.199402
9.249061 0.174814
9.274093 0.150115
9.299124 0.125324
9.324155 0.100453
9.349186 0.075520
9.374218 0.050538
9.399249 0.025526
9.424280 0.000498
9.449312 -0.024532
9.474343 -0.049545
9.499374 -0.074527
9.524406 -0.099463
9.549437 -0.124336
9.574468 -0.149132
9.599499 -0.173833
9.624531 -0.198427
9.649562 -0.222896
9.674593 -0.247225
9.699625 -0.271400
9.724656 -0.295404
9.749687 -0.319223
9.774718 -0.342841
9.799750 -0.366247
9.824781 -0.389421
9.849812 -0.412352
9.874844 -0.435025
9.899875 -0.457425
9.924906 -0.479538
9.949937 -0.501351
9.974969 -0.522850
10.000000 -0.544021
