0.000000 304.777985
1.001244 328.318848
2.002487 351.684814
3.003769 374.732239
4.005013 397.317657
5.006256 419.302185
6.007500 440.549072
7.008743 460.929688
8.010025 480.317047
9.011269 498.590088
10.012512 515.636536
11.013756 531.351990
12.015038 545.639282
13.016281 558.409485
14.017525 569.584167
15.018768 579.094360
16.020012 586.881226
17.021294 592.896912
18.022537 597.103943
19.023781 599.476563
20.025024 600.000000
21.026268 598.671143
22.027550 595.497986
23.028793 590.500549
24.030037 583.709290
25.031281 575.166260
26.032524 564.924255
27.033806 553.046204
28.035049 539.605957
29.036293 524.686279
30.037537 508.379669
31.038780 490.785187
32.040062 472.013550
33.041306 452.180298
34.042549 431.406921
35.043793 409.822205
36.045074 387.558838
37.046318 364.755371
38.047562 341.552094
39.048805 318.092224
40.050049 294.521240
41.051331 270.982361
42.052574 247.623795
43.053818 224.589188
44.055061 202.019638
45.056305 180.055054
46.057587 158.830566
47.058830 138.478256
48.060074 119.123245
49.061317 100.885063
50.062561 83.876297
51.063843 68.201630
52.065086 53.958595
53.066330 41.235020
54.067574 30.108843
55.068817 20.649117
56.070099 12.914051
57.071342 6.951809
58.072586 2.798983
59.073830 0.481215
60.075111 0.012833
61.076355 1.396733
62.077599 4.624367
63.078842 9.675776
64.080086 16.519592
65.081367 25.114359
66.082611 35.405762
67.083855 47.331104
68.085098 60.816555
69.086342 75.778831
70.087624 92.125977
71.088867 109.756241
72.090111 128.561172
73.091354 148.424652
74.092598 169.223495
75.093880 190.831390
76.095123 213.112305
77.096367 235.929138
78.097610 259.142151
79.098892 282.607971
80.100113 306.180054
81.101379 329.714569
82.102623 353.066711
83.103882 376.089508
84.105133 398.643066
85.106392 420.588104
86.107635 441.787994
87.108879 462.111938
88.110138 481.436371
89.111389 499.639557
90.112648 516.609680
91.113892 532.242371
92.115135 546.441528
93.116394 559.119324
94.117645 570.196899
95.118904 579.606506
96.120148 587.289063
97.121414 593.197815
98.122650 597.296448
99.123901 599.559387
100.125160 599.972717
101.126404 598.533875
102.127670 595.251465
103.128906 590.146362
104.130157 583.249817
105.131416 574.604187
106.132660 564.263062
107.133926 552.289917
108.135162 538.759277
109.136429 523.754089
110.137672 507.368042
111.138916 489.701263
112.140182 470.863159
113.141418 450.969574
114.142685 430.144318
115.143929 408.515472
116.145172 386.217163
117.146439 363.385437
118.147675 340.162842
119.148941 316.691711
120.150185 293.118103
121.151443 269.586945
122.152695 246.244171
123.153931 223.232727
124.155197 200.694748
125.156441 178.770477
126.157700 157.594223
127.158951 137.297775
128.160217 118.006386
129.161453 99.838219
130.162689 82.905952
131.163956 67.313782
132.165207 53.158695
133.166473 40.527439
134.167709 29.498623
135.168945 20.140209
136.170212 12.509533
137.171463 6.653969
138.172729 2.609573
139.173965 0.401542
140.175232 0.043361
141.176468 1.537248
142.177719 4.873992
143.178986 10.032973
144.180222 16.982536
145.181488 25.679440
146.182724 36.070137
147.183975 48.090137
148.185242 61.666172
149.186478 76.713486
150.187744 93.139893
151.188980 110.843163
152.190247 129.714371
153.191498 149.636505
154.192734 170.487534
155.194000 192.138763
156.195236 214.455460
157.196503 237.300919
158.197754 260.532959
159.198990 284.008667
160.200256 307.582581
161.201492 331.109650
162.202759 354.446320
163.204010 377.445709
164.205261 399.967438
165.206512 421.871338
166.207748 443.022278
167.209015 463.290649
168.210266 482.550354
169.211517 500.684204
170.212769 517.578003
171.214005 533.128052
172.215271 547.239380
173.216522 559.823792
174.217773 570.803650
175.219025 580.112183
176.220276 587.690613
177.221527 593.492615
178.222778 597.482544
179.224030 599.635864
180.225281 599.938904
181.226532 598.390076
182.227783 594.998596
183.229034 589.785828
184.230286 582.783936
185.231537 574.036133
186.232788 563.595520
187.234039 551.528137
188.235306 537.906677
189.236542 522.816956
190.237793 506.351868
191.239044 488.612732
192.240295 469.708588
193.241562 449.755585
194.242798 428.879395
195.244064 407.205872
196.245300 384.871704
197.246552 362.013794
198.247818 338.772461
199.249054 315.291992
200.250320 291.715942
201.251556 268.191925
202.252808 244.864594
203.254074 221.876572
204.255310 199.372299
205.256577 177.489059
206.257813 156.361237
207.259079 136.121094
208.260330 116.893036
209.261566 98.795746
210.262833 81.939766
211.264069 66.430809
212.265335 52.364182
213.266586 39.825974
214.267822 28.894680
215.269089 19.637436
216.270325 12.111309
217.271591 6.362353
218.272842 2.426745
219.274109 0.328379
220.275345 0.080453
221.276581 1.684326
222.277847 5.130055
223.279099 10.396502
224.280365 17.451403
225.281601 26.250530
226.282837 36.740017
227.284103 48.855465
228.285355 62.520832
229.286621 77.652634
230.287857 94.157478
231.289124 111.933746
232.290359 130.870804
233.291611 150.852142
234.292877 171.754913
235.294113 193.448486
236.295380 215.800491
237.296616 238.672104
238.297867 261.923492
239.299133 285.409149
240.300385 308.984619
241.301620 332.505463
242.302872 355.824768
243.304123 378.799652
244.305389 401.288513
245.306641 423.151428
246.307892 444.253723
247.309128 464.465332
248.310379 483.662384
249.311646 501.724457
250.312897 518.541077
251.314148 534.009033
252.315399 548.031372
253.316635 560.522400
254.317902 571.404724
255.319153 580.611694
256.320404 588.085693
257.321655 593.780884
258.322906 597.662292
259.324158 599.705688
260.325409 599.898560
261.326660 598.239746
262.327911 594.739319
263.329163 589.419189
264.330414 582.312073
265.331665 573.461426
266.332916 562.922607
267.334167 550.760681
268.335419 537.050171
269.336670 521.875366
270.337921 505.331604
271.339172 487.519653
272.340424 468.549103
273.341675 448.538818
274.342926 427.611389
275.344177 405.894958
276.345428 383.525757
277.346680 360.640839
278.347931 337.381195
279.349182 313.889923
280.350433 290.314270
281.351685 266.797882
282.352936 243.485641
283.354187 220.523773
284.355438 198.052032
285.356689 176.209793
286.357941 155.131378
287.359192 134.948227
288.360443 115.783920
289.361694 97.756630
290.362946 80.978714
291.364197 65.552956
292.365448 51.574924
293.366699 39.130341
294.367950 28.296799
295.369202 19.140976
296.370453 11.719275
297.371704 6.077281
298.372955 2.250373
299.374207 0.261868
300.375458 0.124090
301.376709 1.837896
302.377960 5.392646
303.379211 10.766665
304.380463 17.926418
305.381714 26.827646
306.382996 37.416122
307.384247 49.625496
308.385468 63.380585
309.386719 78.596924
310.387970 95.180817
311.389221 113.028679
312.390503 132.031067
313.391754 152.071289
314.392975 173.024063
315.394226 194.760956
316.395508 217.147629
317.396759 240.046860
318.398010 263.315002
319.399261 286.809967
320.400513 310.387177
321.401764 333.899292
322.403015 357.202362
323.404266 380.151978
324.405518 402.607635
325.406769 424.428955
326.408020 445.481842
327.409271 465.637451
328.410522 484.769348
329.411774 502.760437
330.413025 519.499695
331.414276 534.884216
332.415527 548.817932
333.416779 561.215271
334.418030 572.000122
335.419281 581.105164
336.420532 588.474548
337.421783 594.062744
338.423035 597.835449
339.424286 599.768982
340.425537 599.851685
341.426788 598.082825
342.428040 594.473572
343.429291 589.046082
344.430542 581.833984
345.431793 572.881287
346.433044 562.244141
347.434296 549.987671
348.435547 536.187195
349.436798 520.928955
350.438049 504.306488
351.439301 486.422729
352.440552 467.387024
353.441803 447.318604
354.443054 426.340576
355.444305 404.581543
356.445557 382.177704
357.446808 359.266541
358.448059 335.988373
359.449310 312.488953
360.450562 288.912384
361.451813 265.404419
362.453064 242.109070
363.454315 219.172012
364.455566 196.734085
365.456818 174.933762
366.458069 153.904831
367.459320 133.778717
368.460571 114.678993
369.461823 96.722809
370.463074 80.022476
371.464325 64.680344
372.465576 50.790623
373.466827 38.440212
374.468079 27.704784
375.469330 18.650597
376.470581 11.333302
377.471832 5.798649
378.473083 2.080510
379.474335 0.201814
380.475586 0.174272
381.476837 1.997976
382.478088 5.661657
383.479340 11.142926
384.480591 18.407534
385.481842 27.410789
386.483093 38.097572
387.484344 50.401035
388.485596 64.245621
389.486847 79.545853
390.488098 96.207909
391.489349 114.127632
392.490601 133.195007
393.491852 153.293121
394.493103 174.296234
395.494354 196.075531
396.495605 218.496475
397.496857 241.421570
398.498108 264.707458
399.499359 288.211243
400.500610 311.788757
401.501892 335.292542
402.503143 358.578430
403.504395 381.502625
404.505646 403.924469
405.506897 425.703766
406.508148 446.706879
407.509399 466.804993
408.510651 485.872375
409.511902 503.792084
410.513153 520.454163
411.514404 535.754395
412.515656 549.598938
413.516907 561.902405
414.518158 572.589233
415.519409 581.592468
416.520660 588.857056
417.521912 594.338318
418.523163 598.002014
419.524414 599.825745
420.525665 599.798157
421.526917 597.919495
422.528168 594.201355
423.529419 588.666687
424.530670 581.349426
425.531921 572.295227
426.533173 561.559814
427.534424 549.209351
428.535675 535.319641
429.536926 519.977539
430.538177 503.277191
431.539429 485.321014
432.540680 466.221283
433.541931 446.095184
434.543182 425.067139
435.544434 403.265900
436.545685 380.828003
437.546936 357.890930
438.548187 334.595581
439.549438 311.087616
440.550690 287.511047
441.551941 264.011627
442.553192 240.733475
443.554443 217.822296
444.555695 195.418442
445.556946 173.659424
446.558197 152.681396
447.559448 132.612976
448.560699 113.577271
449.561951 95.693497
450.563202 79.071030
451.564453 63.812805
452.565704 50.012310
453.566956 37.755882
454.568207 27.118708
455.569458 18.165993
456.570709 10.953893
457.571960 5.526436
458.573212 1.917176
459.574463 0.148340
460.575714 0.231018
461.576965 2.164565
462.578217 5.937268
463.579468 11.525465
464.580719 18.894855
465.581970 27.999889
466.583221 38.784714
467.584473 51.182083
468.585724 65.115761
469.586975 80.500282
470.588226 97.239548
471.589478 115.230644
472.590729 134.362549
473.591980 154.518143
474.593231 175.571045
475.594482 197.392349
476.595734 219.848022
477.596985 242.797623
478.598236 266.100708
479.599487 289.612823
480.600739 313.190033
481.601990 336.684998
482.603241 359.953156
483.604492 382.852356
484.605774 405.239044
485.606995 426.975952
486.608246 447.928711
487.609497 467.968933
488.610779 486.971313
489.612030 504.819183
490.613281 521.403076
491.614502 536.619385
492.615753 550.374512
493.617004 562.583862
494.618286 573.172363
495.619537 582.073608
496.620789 589.233337
497.622009 594.607361
498.623291 598.162109
499.624542 599.875916
500.625793 599.738159
501.627045 597.749634
502.628296 593.922729
503.629517 588.280945
504.630798 580.859009
505.632050 571.703186
506.633301 560.869690
507.634552 548.425049
508.635803 534.447021
509.637054 519.021301
510.638306 502.243378
511.639557 484.216064
512.640808 465.051758
513.642029 444.868622
514.643311 423.790192
515.644531 401.947968
516.645813 379.476227
517.647034 356.514343
518.648315 333.202118
519.649536 309.685730
520.650818 286.110077
521.652100 262.618805
522.653320 239.359177
523.654541 216.474243
524.655823 194.105042
525.657043 172.388626
526.658325 151.461197
527.659607 131.450882
528.660828 112.480354
529.662048 94.668388
530.663330 78.124611
531.664551 62.949848
532.665833 49.239326
533.667114 37.077381
534.668335 26.538551
535.669556 17.687901
536.670837 10.580796
537.672119 5.260662
538.673340 1.760226
539.674622 0.101431
540.675842 0.294310
541.677124 2.337700
542.678345 6.219102
543.679626 11.914299
544.680847 19.388329
545.682129 28.595247
546.683350 39.477592
547.684631 51.968643
548.685852 65.990974
549.687134 81.458939
550.688354 98.275536
551.689636 116.337631
552.690857 135.533737
553.692139 155.746292
554.693359 176.848572
555.694641 198.711487
556.695862 221.200363
557.697144 244.175247
558.698364 267.494537
559.699646 291.015381
560.700867 314.590851
561.702148 338.076508
562.703369 361.327911
563.704651 384.199493
564.705872 406.551514
565.707153 428.245087
566.708374 449.147858
567.709656 469.129211
568.710876 488.066254
569.712158 505.842529
570.713379 522.347351
571.714661 537.479187
572.715881 551.144531
573.717163 563.259583
574.718384 573.749451
575.719666 582.548584
576.720886 589.603516
577.722168 594.869934
578.723389 598.315674
579.724670 599.919556
580.725891 599.671631
581.727173 597.573242
582.728394 593.637634
583.729675 587.888672
584.730896 580.362549
585.732178 571.105347
586.733398 560.174011
587.734680 547.635803
588.735901 533.569214
589.737183 518.060242
590.738403 501.204254
591.739685 483.106964
592.740906 463.878906
593.742188 443.638763
594.743408 422.510956
595.744690 400.627716
596.745911 378.123444
597.747192 355.135406
598.748413 331.808075
599.749695 308.284058
600.750916 284.708008
601.752197 261.227539
602.753418 237.986191
603.754700 215.128296
604.755920 192.794144
605.757202 171.120621
606.758423 150.244415
607.759705 130.291412
608.760925 111.387268
609.762207 93.648125
610.763428 77.183029
611.764709 62.093296
612.765991 48.471870
613.767212 36.404495
614.768494 25.963884
615.769714 17.216049
616.770935 10.214174
617.772217 5.001380
618.773438 1.609911
619.774719 0.061084
620.775940 0.364147
621.777222 2.517452
622.778442 6.507392
623.779724 12.309393
624.781006 19.887848
625.782227 29.196346
626.783508 40.176212
627.784729 52.760597
628.785950 66.871201
629.787231 82.421974
630.788452 99.315796
631.789734 117.449661
632.791016 136.709335
633.792236 156.977707
634.793518 178.128647
635.794739 200.032578
636.796021 222.554291
637.797241 245.553665
638.798523 268.890350
639.799744 292.417419
640.801025 315.991333
641.802246 339.467041
642.803467 362.699097
643.804749 385.544525
644.806030 407.861237
645.807251 429.512482
646.808533 450.363495
647.809753 470.285645
648.811035 489.156830
649.812256 506.860107
650.813538 523.286499
651.814758 538.333801
652.816040 551.909851
653.817261 563.929871
654.818542 574.320557
655.819763 583.017456
656.821045 589.967041
657.822266 595.126038
658.823547 598.462769
659.824768 599.956665
660.826050 599.598450
661.827271 597.390442
662.828552 593.346008
663.829773 587.490479
664.831055 579.859802
665.832275 570.501404
666.833557 559.472534
667.834778 546.841309
668.836060 532.686218
669.837280 517.094055
670.838562 500.161774
671.839783 481.993622
672.841064 462.702240
673.842285 442.405792
674.843567 421.229523
675.844788 399.305267
676.846069 376.767273
677.847290 353.755829
678.848572 330.413055
679.849792 306.881897
680.851074 283.308289
681.852295 259.837158
682.853577 236.614578
683.854797 213.783920
684.856079 191.484512
685.857300 169.855682
686.858582 149.030411
687.859802 129.136841
688.861084 110.298737
689.862305 92.631950
690.863586 76.245926
691.864807 61.240711
692.866089 47.710083
693.867310 35.736958
694.868591 25.395800
695.869812 16.750206
696.871094 9.853650
697.872314 4.748518
698.873596 1.466141
699.874817 0.027266
700.876099 0.440583
701.877319 2.703553
702.878601 6.802156
703.879883 12.710924
704.881104 20.393482
705.882385 29.803116
706.883606 40.880665
707.884888 53.558456
708.886108 67.757607
709.887329 83.390335
710.888611 100.360451
711.889832 118.563637
712.891113 137.888046
713.892334 158.212006
714.893616 179.411911
715.894897 201.356918
716.896118 223.910477
717.897400 246.933273
718.898621 270.285431
719.899902 293.819946
720.901123 317.392029
721.902405 340.857849
722.903625 364.070862
723.904907 386.887695
724.906128 409.168610
725.907410 430.776489
726.908630 451.575348
727.909912 471.438843
728.911133 490.243744
729.912354 507.874023
730.913635 524.221191
731.914917 539.183472
732.916138 552.668884
733.917358 564.594238
734.918640 574.885620
735.919922 583.480408
736.921143 590.324219
737.922424 595.375610
738.923645 598.603271
739.924866 599.987183
740.926147 599.518799
741.927429 597.200989
742.928650 593.048218
743.929932 587.085938
744.931152 579.351318
745.932434 569.891174
746.933655 558.764954
747.934937 546.041382
748.936157 531.798340
749.937439 516.123718
750.938660 499.114929
751.939941 480.876770
752.941162 461.521729
753.942383 441.169434
754.943726 419.944946
755.944946 397.980377
756.946167 375.410797
757.947449 352.376190
758.948669 329.017639
759.949951 305.478760
760.951172 281.907776
761.952454 258.447906
762.953674 235.244614
763.954956 212.441162
764.956177 190.177795
765.957458 168.593063
766.958679 147.819702
767.959961 127.986450
768.961182 109.214806
769.962463 91.620323
770.963684 75.313728
771.964966 60.394047
772.966187 46.953823
773.967468 35.075733
774.968750 24.833723
775.969971 16.290730
776.971191 9.499475
777.972473 4.502023
778.973755 1.328846
779.974976 0.000010
780.976196 0.523440
781.977478 2.896039
782.978699 7.103073
783.979980 13.118752
784.981201 20.905643
785.982483 30.415804
786.983704 41.590500
787.984985 54.360718
788.986267 68.648018
789.987488 84.363464
790.988708 101.409904
791.989990 119.682938
792.991272 139.070313
793.992493 159.450912
794.993774 180.697815
795.994995 202.682343
796.996216 225.267761
797.997498 248.315170
798.998779 271.681152
800.000000 295.222015
