-5.000000 -619.379055
-4.795918 -547.862039
-4.591837 -481.792009
-4.387755 -420.956767
-4.183673 -365.153507
-3.979592 -314.183453
-3.775510 -267.835919
-3.571429 -225.912643
-3.367347 -188.205598
-3.163265 -154.511528
-2.959184 -124.628614
-2.755102 -98.350523
-2.551020 -75.473776
-2.346939 -55.795419
-2.142857 -39.110151
-1.938776 -25.214924
-1.734694 -13.905138
-1.530612 -4.977020
-1.326531 1.773382
-1.122449 6.550151
-0.918367 9.557188
-0.714286 10.998642
-0.510204 11.078371
-0.306122 10.000368
-0.102041 7.968777
0.102041 5.187425
0.306122 1.860432
0.510204 -1.808291
0.714286 -5.614675
0.918367 -9.354815
1.122449 -12.824640
1.326531 -15.820087
1.530612 -18.137398
1.734694 -19.572349
1.938776 -19.920915
2.142857 -18.979396
2.346939 -16.543423
2.551020 -12.409338
2.755102 -6.372887
2.959184 1.769810
3.163265 12.222788
3.367347 25.190052
3.571429 40.875342
3.775510 59.483289
3.979592 81.216884
4.183673 106.281525
4.387755 134.880085
4.591837 167.215997
4.795918 203.495789
5.000000 203.495789
