-5.000000 0.000000
-4.795918 152.407766
-4.591837 280.508138
-4.387755 387.166318
-4.183673 475.025065
-3.979592 546.513336
-3.775510 603.854648
-3.571429 649.075606
-3.367347 684.014420
-3.163265 710.329364
-2.959184 729.507342
-2.755102 742.872322
-2.551020 751.593839
-2.346939 756.695524
-2.142857 759.063573
-1.938776 759.455246
-1.734694 758.507372
-1.530612 756.744836
-1.326531 754.589085
-1.122449 752.366620
-0.918367 750.317489
-0.714286 748.603789
-0.510204 747.318156
-0.306122 746.492269
-0.102041 746.105340
0.102041 746.092613
0.306122 746.353858
0.510204 746.761873
0.714286 747.170974
0.918367 747.425494
1.122449 747.368279
1.326531 746.849185
1.530612 745.733575
1.734694 743.910811
1.938776 741.302755
2.142857 737.872265
2.346939 733.631690
2.551020 728.651364
2.755102 723.068107
2.959184 717.093716
3.163265 711.023468
3.367347 705.244611
3.571429 700.244864
3.775510 696.620905
3.979592 695.086881
4.183673 696.482889
4.387755 701.783488
4.591837 712.106194
4.795918 728.719947
5.000000 753.053645
