0.000000 50.795748
0.200401 50.386610
0.400802 49.974861
0.601202 49.560513
0.801603 49.143579
1.002004 48.724074
1.202405 48.302011
1.402806 47.877406
1.603206 47.450279
1.803607 47.020646
2.004008 46.588529
2.204409 46.153948
2.404810 45.716926
2.605210 45.277488
2.805611 44.835659
3.006012 44.391467
3.206413 43.944939
3.406814 43.496107
3.607214 43.045002
3.807615 42.591657
4.008016 42.136108
4.208417 41.678392
4.408818 41.218547
4.609218 40.756614
4.809619 40.292635
5.010020 39.826654
5.210421 39.358718
5.410822 38.888874
5.611222 38.417172
5.811623 37.943665
6.012024 37.468407
6.212425 36.991453
6.412826 36.512861
6.613226 36.032694
6.813627 35.551012
7.014028 35.067881
7.214429 34.583369
7.414830 34.097544
7.615230 33.610478
7.815631 33.122245
8.016032 32.632923
8.216433 32.142589
8.416834 31.651326
8.617234 31.159216
8.817635 30.666347
9.018036 30.172806
9.218437 29.678686
9.418838 29.184080
9.619238 28.689085
9.819639 28.193799
10.020040 27.698323
10.220441 27.202763
10.420842 26.707224
10.621242 26.211815
10.821643 25.716649
11.022044 25.221840
11.222445 24.727505
11.422846 24.233763
11.623246 23.740735
11.823647 23.248548
12.024048 22.757326
12.224449 22.267201
12.424850 21.778303
12.625251 21.290524
12.825651 20.804486
13.026052 20.320086
13.226453 19.837464
13.426854 19.356764
13.627255 18.878130
13.827655 18.401711
14.028056 17.927655
14.228457 17.456113
14.428858 16.987240
14.629259 16.521190
14.829659 16.058120
15.030060 15.598187
15.230461 15.141551
15.430862 14.688374
15.631263 14.238817
15.831663 13.793044
16.032064 13.351219
16.232465 12.913508
16.432866 12.480077
16.633267 12.051092
16.833667 11.626722
17.034068 11.207133
17.234469 10.792495
17.434870 10.382975
17.635271 9.978741
17.835671 9.579963
18.036072 9.186809
18.236473 8.799445
18.436874 8.418041
18.637275 8.042763
18.837675 7.673778
19.038076 7.311251
19.238477 6.955348
19.438878 6.606234
19.639279 6.264072
19.839679 5.929026
20.040080 5.601258
20.240481 5.280929
20.440882 4.968202
20.641283 4.663235
20.841683 4.366191
21.042084 4.077229
21.242485 3.796509
21.442886 3.524193
21.643287 3.260442
21.843687 3.005418
22.044088 2.759286
22.244489 2.522213
22.444890 2.294368
22.645291 2.075923
22.845691 1.867057
23.046092 1.667951
23.246493 1.478795
23.446894 1.299785
23.647295 1.131125
23.847695 0.973030
24.048096 0.825728
24.248497 0.689458
24.448898 0.564474
24.649299 0.451049
24.849699 0.349475
25.050100 0.260064
25.250501 0.183154
25.450902 0.119109
25.651303 0.068325
25.851703 0.031228
26.052104 0.008285
26.252505 -0.000000
26.452906 0.006923
26.653307 0.029652
26.853707 0.068839
27.054108 0.125193
27.254509 0.199484
27.454910 0.292553
27.655311 0.405310
27.855711 0.538747
28.056112 0.693937
28.256513 0.872044
28.456914 1.074326
28.657315 1.302145
28.857715 1.556966
29.058116 1.840370
29.258517 2.154052
29.458918 2.499833
29.659319 2.879657
29.859719 3.295602
30.060120 3.749877
30.260521 4.244829
30.460922 4.782937
30.661323 5.366819
30.861723 5.999221
31.062124 6.683019
31.262525 7.421208
31.462926 8.216892
31.663327 9.073272
31.863727 9.993625
32.064128 10.981290
32.264529 12.039634
32.464930 13.172027
32.665331 14.381803
32.865731 15.672220
33.066132 17.046410
33.266533 18.507328
33.466934 20.057688
33.667335 21.699894
33.867735 23.435973
34.068136 25.267489
34.268537 27.195460
34.468938 29.220270
34.669339 31.341573
34.869739 33.558201
35.070140 35.868070
35.270541 38.268087
35.470942 40.754068
35.671343 43.320658
35.871743 45.961274
36.072144 48.668050
36.272545 51.431820
36.472946 54.242116
36.673347 57.087196
36.873747 59.954110
37.074148 62.828801
37.274549 65.696246
37.474950 68.540631
37.675351 71.346965
37.875752 74.095749
38.076152 76.771678
38.276553 79.358327
38.476954 81.839884
38.677355 84.201475
38.877756 86.429479
39.078156 88.511801
39.278557 90.438090
39.478958 92.199883
39.679359 93.790646
39.879760 95.205691
40.080160 96.441950
40.280561 97.497578
40.480962 98.371389
40.681363 99.062090
40.881764 99.567340
41.082164 99.882628
41.282565 100.000000
41.482966 99.906689
41.683367 99.583721
41.883768 99.004612
42.084168 98.134315
42.284569 96.928633
42.484970 95.334378
42.685371 93.290596
42.885772 90.731222
43.086172 87.589505
43.286573 83.804443
43.486974 79.329248
43.687375 74.141476
43.887776 68.253970
44.088176 61.725104
44.288577 54.666254
44.488978 47.244075
44.689379 39.675298
44.889780 32.212693
45.090180 25.122547
45.290581 18.656387
45.490982 13.022107
45.691383 8.361404
45.891784 4.740677
46.092184 2.160839
46.292585 0.588120
46.492986 0.003226
46.693387 0.460803
46.893788 2.144459
47.094188 5.394144
47.294589 10.673814
47.494990 18.445932
47.695391 28.941953
47.895792 41.880941
48.096192 56.279205
48.296593 70.539865
48.496994 82.906623
48.697395 92.097702
48.897796 97.696429
49.098196 99.934865
49.298597 98.898228
49.498998 93.663794
49.699399 82.293079
49.899800 63.610240
50.100200 40.147033
50.300601 18.553658
50.501002 4.844367
50.701403 0.041611
50.901804 3.573861
51.102204 19.507700
51.302605 50.707543
51.503006 83.200741
51.703407 98.830938
51.903808 96.501568
52.104208 69.354691
52.304609 22.315104
52.505010 0.347800
52.705411 13.761535
52.905812 71.689234
53.106212 99.993314
53.306613 62.424554
53.507014 1.439836
53.707415 38.134280
53.907816 99.836202
54.108216 15.917582
54.308617 47.036249
54.509018 71.412225
54.709419 36.601779
54.909820 21.396499
55.110220 95.632844
55.310621 99.989236
55.511022 84.118312
55.711423 12.730964
55.911824 11.929936
56.112224 1.580391
56.312625 49.637180
56.513026 94.738281
56.713427 1.189579
56.913828 99.538678
57.114228 4.316546
57.314629 44.343451
57.515030 2.078048
57.715431 99.293549
57.915832 99.283318
58.116232 16.186054
58.316633 86.688619
58.517034 96.532976
58.717435 37.829251
58.917836 18.958090
59.118236 70.113646
59.318637 91.853598
59.519038 0.341527
59.719439 99.508824
59.919840 7.342775
60.120240 56.407988
60.320641 94.284968
60.521042 10.988260
60.721443 12.781598
60.921844 85.297128
61.122244 97.178847
61.322645 49.544010
61.523046 4.285311
61.723447 3.808516
61.923848 37.880526
62.124248 82.366330
62.324649 99.358175
62.525050 95.636192
62.725451 73.288328
62.925852 38.654643
63.126253 12.197228
63.326653 1.275867
63.527054 0.784567
63.727455 8.520776
63.927856 25.340100
64.128257 48.431402
64.328657 70.838588
64.529058 87.037861
64.729459 96.057107
64.929860 99.656733
65.130261 99.521991
65.330661 96.160393
65.531062 89.326172
65.731463 78.944624
65.931864 65.741897
66.132265 51.230163
66.332665 37.180531
66.533066 25.011610
66.733467 15.456579
66.933868 8.589259
67.134269 4.067120
67.334669 1.406227
67.535070 0.176601
67.735471 0.092430
67.935872 1.019750
68.136273 2.936301
68.336673 5.872814
68.537074 9.855818
68.737475 14.864198
68.937876 20.805608
69.138277 27.513628
69.338677 34.762266
69.539078 42.291528
69.739479 49.836805
69.939880 57.155629
70.140281 64.047445
70.340681 70.364528
70.541082 76.014385
70.741483 80.955408
70.941884 85.188175
71.142285 88.744763
71.342685 91.677945
71.543086 94.051564
71.743487 95.932758
71.943888 97.386230
72.144289 98.470471
72.344689 99.235641
72.545090 99.722747
72.745491 99.963784
72.945892 99.982506
73.146293 99.795588
73.346693 99.413975
73.547094 98.844280
73.747495 98.090128
73.947896 97.153380
74.148297 96.035193
74.348697 94.736907
74.549098 93.260731
74.749499 91.610260
74.949900 89.790801
75.150301 87.809551
75.350701 85.675636
75.551102 83.400029
75.751503 80.995383
75.951904 78.475783
76.152305 75.856463
76.352705 73.153485
76.553106 70.383411
76.753507 67.562983
76.953908 64.708816
77.154309 61.837120
77.354709 58.963460
77.555110 56.102544
77.755511 53.268060
77.955912 50.472552
78.156313 47.727326
78.356713 45.042405
78.557114 42.426504
78.757515 39.887042
78.957916 37.430173
79.158317 35.060840
79.358717 32.782841
79.559118 30.598911
79.759519 28.510809
79.959920 26.519406
80.160321 24.624788
80.360721 22.826341
80.561122 21.122848
80.761523 19.512577
80.961924 17.993362
81.162325 16.562684
81.362725 15.217738
81.563126 13.955502
81.763527 12.772795
81.963928 11.666327
82.164329 10.632748
82.364729 9.668684
82.565130 8.770775
82.765531 7.935701
82.965932 7.160209
83.166333 6.441129
83.366733 5.775394
83.567134 5.160049
83.767535 4.592263
83.967936 4.069331
84.168337 3.588686
84.368737 3.147892
84.569138 2.744651
84.769539 2.376799
84.969940 2.042305
85.170341 1.739268
85.370741 1.465910
85.571142 1.220577
85.771543 1.001728
85.971944 0.807934
86.172345 0.637871
86.372745 0.490312
86.573146 0.364126
86.773547 0.258269
86.973948 0.171777
87.174349 0.103765
87.374749 0.053418
87.575150 0.019973
87.775551 0.002776
87.975952 0.001172
88.176353 0.014581
88.376754 0.042469
88.577154 0.084345
88.777555 0.139757
88.977956 0.208289
89.178357 0.289558
89.378758 0.383208
89.579158 0.488911
89.779559 0.606361
89.979960 0.735274
90.180361 0.875384
90.380762 1.026441
90.581162 1.188210
90.781563 1.360470
90.981964 1.543008
91.182365 1.735624
91.382766 1.938122
91.583166 2.150318
91.783567 2.372030
91.983968 2.603083
92.184369 2.843305
92.384770 3.092527
92.585170 3.350585
92.785571 3.617313
92.985972 3.892551
93.186373 4.176136
93.386774 4.467909
93.587174 4.767708
93.787575 5.075374
93.987976 5.390746
94.188377 5.713663
94.388778 6.043964
94.589178 6.381487
94.789579 6.726069
94.989980 7.077547
95.190381 7.435757
95.390782 7.800534
95.591182 8.171712
95.791583 8.549125
95.991984 8.932607
96.192385 9.321990
96.392786 9.717107
96.593186 10.117789
96.793587 10.523867
96.993988 10.935175
97.194389 11.351543
97.394790 11.772802
97.595190 12.198786
97.795591 12.629325
97.995992 13.064254
98.196393 13.503405
98.396794 13.946613
98.597194 14.393711
98.797595 14.844538
98.997996 15.298928
99.198397 15.756721
99.398798 16.217756
99.599198 16.681874
99.799599 17.148916
100.000000 17.618729
