-10.000000 0.544021
-9.831933 0.395999
-9.663866 0.236817
-9.495798 0.070960
-9.327731 -0.096895
-9.159664 -0.262019
-8.991597 -0.419760
-8.823529 -0.565673
-8.655462 -0.695644
-8.487395 -0.806012
-8.319328 -0.893666
-8.151261 -0.956137
-7.983193 -0.991664
-7.815126 -0.999245
-7.647059 -0.978668
-7.478992 -0.930511
-7.310924 -0.856133
-7.142857 -0.757628
-6.974790 -0.637774
-6.806723 -0.499947
-6.638655 -0.348031
-6.470588 -0.186308
-6.302521 -0.019334
-6.134454 0.148184
-5.966387 0.311526
-5.798319 0.466090
-5.630252 0.607519
-5.462185 0.731828
-5.294118 0.835514
-5.126050 0.915655
-4.957983 0.969993
-4.789916 0.996996
-4.621849 0.995904
-4.453782 0.966747
-4.285714 0.910347
-4.117647 0.828293
-3.949580 0.722898
-3.781513 0.597132
-3.613445 0.454537
-3.445378 0.299134
-3.277311 0.135302
-3.109244 -0.032343
-2.941176 -0.199078
-2.773109 -0.360201
-2.605042 -0.511174
-2.436975 -0.647743
-2.268908 -0.766057
-2.100840 -0.862785
-1.932773 -0.935199
-1.764706 -0.981258
-1.596639 -0.999666
-1.428571 -0.989903
-1.260504 -0.952244
-1.092437 -0.887751
-0.924370 -0.798241
-0.756303 -0.686237
-0.588235 -0.554894
-0.420168 -0.407914
-0.252101 -0.249439
-0.084034 -0.083935
0.084034 0.083935
0.252101 0.249439
0.420168 0.407914
0.588235 0.554894
0.756303 0.686237
0.924370 0.798241
1.092437 0.887751
1.260504 0.952244
1.428571 0.989903
1.596639 0.999666
1.764706 0.981258
1.932773 0.935199
2.100840 0.862785
2.268908 0.766057
2.436975 0.647743
2.605042 0.511174
2.773109 0.360201
2.941176 0.199078
3.109244 0.032343
3.277311 -0.135302
3.445378 -0.299134
3.613445 -0.454537
3.781513 -0.597132
3.949580 -0.722898
4.117647 -0.828293
4.285714 -0.910347
4.453782 -0.966747
4.621849 -0.995904
4.789916 -0.996996
4.957983 -0.969993
5.126050 -0.915655
5.294118 -0.835514
5.462185 -0.731828
5.630252 -0.607519
5.798319 -0.466090
5.966387 -0.311526
6.134454 -0.148184
6.302521 0.019334
6.470588 0.186308
6.638655 0.348031
6.806723 0.499947
6.974790 0.637774
7.142857 0.757628
7.310924 0.856133
7.478992 0.930511
7.647059 0.978668
7.815126 0.999245
7.983193 0.991664
8.151261 0.956137
8.319328 0.893666
8.487395 0.806012
8.655462 0.695644
8.823529 0.565673
8.991597 0.419760
9.159664 0.262019
9.327731 0.096895
9.495798 -0.070960
9.663866 -0.236817
9.831933 -0.395999
10.000000 -0.544021
